0	4	0.14593483036916113
0	10	0.23973351974253831
0	13	0.11609677797254947
0	24	0.35869822654855965
0	47	0.024303557985600126
0	107	0.42769107222092384
0	217	0.2981672024610994
0	272	0.3060062739638753
0	273	0.18052415442643358
0	274	0.16760058560376165
0	275	0.39727644528450656
0	276	0.1811605230818326
0	277	0.08546709471164737
0	278	0.16709157502838293
0	279	0.3903401293363826
0	280	0.3740204256053848
0	281	0.3938381381363918
0	282	0.16502892965262145
0	283	0.11164411939289962
0	284	0.04713051902885123
1	16	0.3078817191052153
1	38	0.15084655740251268
1	118	0.2831332890294893
1	295	0.1857505449330402
1	296	0.3105000610772587
2	9	0.1280002365283251
2	33	0.10217801356314717
2	76	0.022320964588341086
2	257	0.22390756182570612
2	293	0.1040697822925029
2	303	0.09339611235527666
2	304	0.09870370488784577
2	305	0.07987562382674232
2	306	0.0127608999147593
2	307	0.4099965558187371
2	308	0.3392072474883613
2	309	0.23430992933645278
2	310	0.39537563216381294
2	311	0.31365210109927655
3	47	0.35458785553439554
4	0	0.4306893600583192
4	51	0.4368476465893438
4	355	0.4984176450456526
4	356	0.33526935076647013
4	357	0.3083114403343708
4	358	0.49582259260708456
4	359	0.0632450980580064
6	14	0.2145358706904591
6	36	0.26591954637798965
7	20	0.09668000299979813
7	46	0.2474145773202768
7	51	0.24185393364320346
7	62	0.4895103777705261
7	63	0.20487464787099452
7	370	0.21584377809568084
7	371	0.46092426665364633
8	24	0.4612285124873649
8	28	0.4438300747995724
8	54	0.2746781290201834
8	126	0.0386946750668516
8	384	0.39464516748902206
8	385	0.20174723371018194
8	386	0.311132581058683
9	2	0.34831568055024276
9	51	0.1980385946556907
9	76	0.07701402763248918
9	108	0.40520498058189075
9	112	0.39501343792786225
9	125	0.21097150960843067
9	283	0.008318759015774379
9	288	0.4843820222448973
10	0	0.23845006015076073
10	112	0.32719739620683497
10	476	0.38250731615904454
10	477	0.15548872744405348
10	478	0.11721230434014496
11	14	0.3396649072264886
11	42	0.35091800802386247
12	500	0.19995367095430308
13	0	0.45302151672883945
13	51	0.3607370587701537
13	52	0.07246675275116653
13	76	0.048434161784875765
13	252	0.27574441334015565
13	369	0.403578862902133
13	430	0.2776175979805609
13	461	0.12693785932674545
13	465	0.15456634378696718
13	468	0.11610632876325469
13	521	0.3726895881947722
13	522	0.14050214170874056
13	523	0.15574889231308364
13	524	0.00801714109265449
13	525	0.3790915512798629
13	526	0.208503902358224
13	527	0.14078749530532783
14	6	0.13965691065385008
14	11	0.17934643911456735
14	42	0.4421024661673356
14	174	0.2845598060713368
14	341	0.023835915130842798
14	342	0.12272966903945555
15	570	0.006635987443913707
16	1	0.011232491073716724
16	38	0.33656888980220734
16	573	0.38409808368102166
17	498	0.0002946158259056109
17	612	0.13347793115001338
17	613	0.2813333949807814
18	39	0.09329668464647506
18	46	0.2776073885995786
18	51	0.19383366404766306
18	271	0.37795423510294424
18	287	0.47099503909259116
18	314	0.28578994233601457
18	328	0.061682449979651166
18	402	0.1286224225350152
18	412	0.0713430423242974
18	413	0.00908309809401236
18	416	0.17874910626551066
18	538	0.17414750085294953
18	544	0.2078319495446469
18	622	0.09143019667444778
18	623	0.3464967984802298
19	51	0.18056908835165816
20	7	0.041663461233956735
20	62	0.1801513432153053
20	112	0.36965759710162466
20	345	0.3325840236419476
20	441	0.2607169776925781
21	202	0.38235993146805486
22	221	0.1027922472061315
22	222	0.16985157959316977
22	230	0.3674480077974964
22	233	0.17241434971731076
22	298	0.028384760942136184
22	352	0.47123092559655816
22	472	0.17578397929474893
22	654	0.4093858893607196
23	47	0.287822929489419
23	210	0.2131533159005349
23	244	0.42484537170287995
24	0	0.3449330383647459
24	8	0.4807927031013929
24	397	0.4634194470187095
24	592	0.3497703795423912
25	46	0.3980416720866966
25	51	0.12466385669895505
25	104	0.4194865225951871
25	237	0.05485526136492952
25	263	0.21035221830599526
25	734	0.41037566359351463
25	735	0.21805789180104634
26	39	0.43845725617854664
26	51	0.07470156746010995
26	96	0.45863913781283233
26	112	0.23455903581096552
26	187	0.17124319827211956
26	246	0.31509231916788416
26	293	0.39241500294822623
26	416	0.46494386968283413
26	442	0.4387356420688557
26	451	0.29300449844335097
26	619	0.2837745475943498
26	742	0.09310348553921341
26	743	0.0467786998832053
26	744	0.3545261207888526
26	745	0.05312728325612043
27	328	0.24862840988805038
27	359	0.2632092968808995
27	387	0.4978781612975134
28	8	0.38692792567948997
28	51	0.4243079276814237
28	359	0.25207126256287177
28	412	0.25132363338077485
29	241	0.07463276301148945
29	563	0.13401955484390238
29	564	0.09319398123410656
30	86	0.19760543656652232
30	96	0.39937055781151826
30	222	0.3251994588757241
30	224	0.29026436607983713
30	256	0.2600927068911491
30	257	0.2747197262224826
30	340	0.14185610418486422
30	550	0.39445450334334736
30	759	0.39875330179252994
30	760	0.4632253980360565
30	761	0.45915892047197415
30	762	0.36421041619350036
31	76	0.06596471932792872
31	257	0.4945996003324964
31	336	0.039546340724216415
32	210	0.24997961540651326
32	343	0.3425881402698103
32	387	0.37838965920917333
32	796	0.38657870497903285
32	797	0.32533592677434053
32	798	0.05278671430904527
33	2	0.46583128410443675
33	246	0.230431519023271
33	303	0.4700790816547065
34	76	0.06662495575428694
34	266	0.22151791953351646
34	346	0.2958124546706301
34	347	0.27028156895004474
34	629	0.004729879097699508
34	819	0.07504778102622926
35	41	0.2716337067517302
35	51	0.008409574853950996
35	293	0.06311649120529163
35	394	0.2636648909609838
35	395	0.24359069335892872
35	462	0.07869150371437406
35	788	0.42166096308972506
35	820	0.14463927032655913
36	6	0.21144804836191947
36	55	0.0844802024497752
37	280	0.3900981310590889
37	841	0.32807425798774653
38	1	0.3802717916836286
38	16	0.413994625902443
38	296	0.42783224890134497
38	350	0.2489627444687216
38	830	0.46884846833364446
39	18	0.4197566926680913
39	26	0.14059401974189842
39	41	0.18871645043392105
39	47	0.014672830625812958
39	51	0.158486403319088
39	54	0.3605110336376215
39	76	0.2577667072852492
39	115	0.2602808063906145
39	224	0.2543132362012491
39	227	0.17368223490535756
39	237	0.4356866698538332
39	244	0.365675198066689
39	246	0.3820685787056481
39	247	0.47114393243366814
39	249	0.12296831458120314
39	310	0.12729039768765688
39	320	0.20559380301654967
39	332	0.06529216098446138
39	333	0.30223348847987236
39	344	0.2910931355048395
39	442	0.40465764861017
39	444	0.09596170327066018
39	478	0.37757234681516316
39	575	0.35319928440791803
39	621	0.12539627470230225
39	747	0.06271479482154463
39	769	0.38889130128637844
39	823	0.417582311892148
39	1018	0.30367029309179644
40	47	0.42788638509197136
40	81	0.46585899214438153
40	107	0.4290334289295375
40	114	0.22871577929471415
40	137	0.20056269783644096
40	153	0.1565574790592364
40	338	0.28333341311695
40	418	0.4825696339850456
40	628	0.399087207981986
40	662	0.38170789956327345
40	666	0.4597626446217927
40	681	0.2296025368642997
40	813	0.4629340399472582
40	1019	0.2880078990426021
40	1020	0.1600473153441644
40	1021	0.15741519994038228
41	35	0.49783470355832393
41	39	0.12873489223983287
41	51	0.069386283028103
41	287	0.13836773696865282
41	288	0.35446650611415703
41	292	0.20169258756331257
41	303	0.10852859594765232
41	390	0.1950335923114063
41	396	0.04569621220673289
41	621	0.39554601907890324
42	11	0.15852123594850717
42	14	0.3866558197939223
42	500	0.3550809217046344
43	51	0.29126501055528725
43	1038	0.38941589411925637
44	47	0.11798354323213459
44	91	0.05170015027072935
44	126	0.017849837214087696
44	422	0.34998763437192393
44	965	0.1665637626977174
44	1039	0.05645047743309847
45	413	0.07042893514773221
46	7	0.27399446177710796
46	18	0.08691744104387845
46	25	0.10511993913181103
46	47	0.1789861081489023
46	51	0.46849965768074925
46	259	0.19341787145203276
46	261	0.03679731882666425
46	263	0.22168749642777777
46	271	0.4126884606601264
46	281	0.3510782223472431
46	359	0.14987761245114145
46	412	0.22000154641874567
46	436	0.1571938655989668
46	602	0.35131918276398333
46	627	0.42459965311910897
46	749	0.04264972514946494
46	756	0.11220645242933976
46	887	0.10805640666326455
46	1401	0.08755253759109409
47	0	0.09247160942360362
47	3	0.4165895412221178
47	23	0.3874269778064073
47	39	0.05302191354529969
47	40	0.19707842484441399
47	44	0.08162155224386324
47	46	0.4370030116589585
47	51	0.11343481880814522
47	54	0.2672050516764777
47	57	0.12282475841702263
47	76	0.4803437715000087
47	96	0.4738384078484442
47	98	0.11576744750999617
47	107	0.42250432480988565
47	115	0.438638303284444
47	117	0.05432384851286442
47	123	0.19015543319599848
47	125	0.11130164814831678
47	130	0.0314742517001902
47	137	0.3199296070758647
47	145	0.2768279168341524
47	153	0.12003428762381409
47	164	0.48136307886781543
47	179	0.10301155409285304
47	217	0.36923711753412414
47	218	0.0947349818780588
47	219	0.4396904940695757
47	220	0.29296211077369594
47	223	0.27182048369693895
47	224	0.4519646801979332
47	227	0.03706354768093958
47	232	0.07307537238128192
47	237	0.2403137356191774
47	246	0.38415212281980043
47	257	0.27651193762619203
47	261	0.032450527043043166
47	262	0.16790648492601948
47	263	0.14224914693959798
47	264	0.022602884431797032
47	281	0.24965407072666732
47	283	0.38870542658972757
47	288	0.3355313552819786
47	308	0.21299257067000715
47	309	0.14874088489304388
47	314	0.47718707052238074
47	322	0.36662733478064397
47	330	0.03907140315916689
47	331	0.20877921467551425
47	335	0.09404797567820494
47	339	0.44529373250248006
47	346	0.16868013670209187
47	365	0.3396635555527776
47	373	0.29498691681700456
47	387	0.4068444723747566
47	397	0.26076780051402004
47	412	0.1433352366396483
47	415	0.31899956741578617
47	420	0.12358644404247338
47	422	0.44429438079604594
47	426	0.03972281968975368
47	433	0.3548319962283081
47	434	0.30547650735750365
47	436	0.22746250849399227
47	455	0.28774207280518427
47	538	0.4753299264514333
47	610	0.37168695109359845
47	617	0.3911481928618744
47	619	0.0767421150697615
47	736	0.39507620414844297
47	745	0.31784708910265613
47	783	0.2157651063187155
47	796	0.4219847595755329
47	813	0.04046624234401284
47	824	0.06871037366591556
47	852	0.1634223581567881
47	869	0.13753532897470958
47	871	0.16819382686513248
47	876	0.29167540974615164
47	883	0.45150077114555226
47	888	0.0022284038162777415
47	891	0.39738012376243614
47	898	0.26962840975952357
47	901	0.30366013553707155
47	906	0.22302658579605403
47	907	0.2210199497443149
47	922	0.44339251509045385
47	927	0.2065508162255704
47	928	0.47675724084238236
47	929	0.33599631764175314
47	947	0.17970171993465672
47	951	0.24679468039955016
47	961	0.42068133948278663
47	964	0.37858106215885134
47	977	0.06449664608331003
47	981	0.1813987424070351
47	987	0.40293051533403734
47	992	0.1441795229340349
47	1003	0.09380546710893709
47	1027	0.2748541368559359
47	1037	0.34792013427666574
47	1097	0.21844097800246662
47	1181	0.04074506596091277
47	1188	0.21739477704401927
47	1190	0.031312046041315704
47	1191	0.037263009464836946
47	1192	0.4390169756182492
47	1193	0.00013970328115578255
47	1194	0.4085188566881265
47	1195	0.49170241334112286
47	1196	0.45354083365594133
47	1197	0.4930589169686757
47	1198	0.06705995553964388
47	1199	0.25268454838829096
47	1200	0.297756090728454
47	1201	0.2694662987650437
47	1202	0.4486314380918721
47	1203	0.0357260405782342
47	1204	0.3520261075353684
47	1205	0.12908576976178
47	1206	0.1895277729414961
47	1207	0.33541814152604077
48	112	0.0740776213735537
48	170	0.286176734476335
48	318	0.2151741896092368
48	413	0.20679457903542364
48	435	0.3657914221521131
48	486	0.28217710832216203
48	512	0.25790322351277273
48	808	0.45611603036608517
48	902	0.33914977625896064
48	969	0.14200560634772447
48	1210	0.1956918541381404
48	1211	0.1652490700696085
48	1212	0.060178042029282605
48	1213	0.18125737803735512
48	1214	0.46150731757415636
48	1215	0.3925766120063247
48	1216	0.4390678846939252
49	217	0.4025003132569655
51	4	0.32016582054983406
51	7	0.027270592839612133
51	9	0.23586674616008488
51	13	0.37615433196474257
51	18	0.27384492093390267
51	19	0.3262542105295699
51	25	0.3991250689186467
51	26	0.251558555860794
51	28	0.22866414969260096
51	35	0.018580080717128394
51	39	0.10378229885154738
51	41	0.11346442901827378
51	43	0.3813780244651067
51	46	0.10083013909956534
51	47	0.11452926740840944
51	76	0.29861881656705136
51	87	0.49917364715338325
51	112	0.18050211041077183
51	145	0.3269241961095877
51	211	0.3649285578420493
51	249	0.2878662559493482
51	271	0.2480853878798158
51	276	0.1348614344515061
51	287	0.11911066426047384
51	288	0.19574707445933243
51	307	0.30249586029123743
51	310	0.029559622951886598
51	328	0.07622369011218834
51	347	0.1388007780286925
51	357	0.18542221904193756
51	359	0.011701102335350216
51	370	0.08574902868089981
51	371	0.06302648603163202
51	407	0.49260448878804347
51	412	0.0485751250561037
51	416	0.3737581969232857
51	462	0.48192617163744755
51	487	0.3893644042504277
51	506	0.33463167581817377
51	525	0.24170627033289452
51	548	0.09911722783642049
51	653	0.07943951913413032
51	736	0.18643966713582047
51	747	0.03821150062690242
51	782	0.10030531192075992
51	1179	0.3786905153101513
52	13	0.47824476487111406
52	76	0.3327895427002048
52	125	0.2674216451229663
52	524	0.014666309601154325
54	8	0.3830506923243103
54	39	0.3693529410381316
54	47	0.2951717886373694
54	91	0.01675076491636381
54	115	0.18325255561590856
54	238	0.06342481302715579
54	317	0.3557517865705679
54	320	0.3140082014521749
54	332	0.3261997569470559
54	385	0.3306232962101493
54	735	0.20142219873864528
54	808	0.27520435832126894
54	1227	0.0427699514220593
55	36	0.05838854765363155
57	47	0.30224653633154225
57	124	0.15889048473519962
58	1269	0.2928837500690098
58	1270	0.04633128059836335
58	1271	0.21148319870798052
58	1272	0.11276042063979443
58	1273	0.20300627304577046
58	1274	0.0411161906874729
59	552	0.14474906031809961
59	1253	0.4291248201529516
59	1279	0.22836911670885246
60	513	0.1263355701991681
60	633	0.4004889202027153
60	1282	0.03805495315913564
61	1290	0.3208752648521893
61	1291	0.370833759710378
62	7	0.10727422385375138
62	20	0.054958830604538565
63	7	0.38745759550705017
63	124	0.2516931387665724
63	422	0.47371253183018475
65	284	0.30447655937535223
65	338	0.49898379073415894
65	527	0.3122024111977286
65	1304	0.0814191553987054
65	1305	0.37343604170935996
68	646	0.1687490013306998
70	573	0.11604070882076994
72	1393	0.258979390874121
73	101	0.30565163894085945
73	112	0.17848470459247137
73	122	0.18501663144122826
73	126	0.33621817099640955
73	137	0.28884120137190405
73	224	0.3228994374008604
73	272	0.4841071644885626
73	320	0.3957814367264712
75	596	0.4573044733203028
75	1295	0.23098047948105022
75	1415	0.4084777066104707
76	2	0.2899025968355951
76	9	0.17243900854984712
76	13	0.10846338234400645
76	31	0.1657752370122832
76	34	0.0747497993889766
76	39	0.3024762356261322
76	47	0.010466105425461818
76	51	0.32825790299990376
76	52	0.1186762855813224
76	252	0.40700710201677237
76	308	0.29411300903304094
76	310	0.4314642770154708
76	333	0.2911130533009871
76	334	0.2825186352708655
76	344	0.46825826369245316
76	347	0.21337836697950655
76	472	0.2911641811204932
76	498	0.2634799775220831
76	531	0.15751835915264567
76	630	0.13655398244332315
76	857	0.44736124311934444
76	1191	0.31443424163624595
76	1417	0.354084302697945
76	1418	0.26079991798312235
76	1419	0.08546715760568692
77	78	0.2878004015432518
77	1422	0.09589312392920386
78	77	0.20921573439300475
78	1422	0.17139880792118603
81	40	0.03555758134060482
81	662	0.41953077501120495
81	813	0.18907200911654032
84	1019	0.06622339838906115
85	1481	0.12006865892217289
86	30	0.17975134783389493
86	485	0.48527840779860065
86	769	0.4215693788155516
87	51	0.044867067057796584
87	292	0.4906896957589165
87	393	0.3294398407151978
87	560	0.03930907784875748
87	816	0.4400418175448468
87	829	0.15963179344311917
87	1494	0.23377876737478823
88	1191	0.1563440985779512
88	1496	0.08534358390037343
89	90	0.4043682264772508
90	89	0.16231648506733315
90	108	0.2649911225714079
90	112	0.10848661787767234
90	115	0.13042163379519264
90	1498	0.44531374320680767
91	44	0.4710026778159919
91	54	0.33217360147470215
91	115	0.25911698226070823
91	126	0.35493244446801075
91	137	0.09142352504117147
91	209	0.19523762264151617
91	215	0.1382570878282761
91	218	0.43340799285606874
91	219	0.38576369409447037
91	224	0.3696268567953402
91	304	0.04413317210901175
91	314	0.2966697623934665
91	318	0.40646841004142564
91	321	0.20680125104141003
91	360	0.1087425269135747
91	373	0.06311759599282081
91	533	0.004959925025624704
91	534	0.34182130016897094
91	550	0.07811882727370074
91	729	0.12667532583653934
91	762	0.2898228462199399
91	1507	0.06884867095958418
92	1221	0.006321615792756032
93	963	0.16795191469765494
93	1377	0.0045440085576640985
95	252	0.36869731657344396
95	772	0.41755714274972117
96	26	0.4490557919714323
96	30	0.056613229203698344
96	47	0.38820344312496874
96	114	0.011487493858181238
96	115	0.33238182319134196
96	118	0.11265549641600454
96	166	0.09400619966297465
96	224	0.034179218438915915
96	256	0.38570779211554806
96	304	0.278605095014058
96	320	0.1276785790932758
96	422	0.4946083608304832
96	451	0.43394527507632524
96	808	0.4791543842568866
96	1018	0.3186616636822069
96	1516	0.07172870480044122
97	110	0.3985796830627007
97	982	0.48366554678516477
97	1517	0.2553102650019852
97	1518	0.46418602534492864
98	47	0.3344632140143726
98	104	0.20196484866911762
98	124	0.23384042198698374
98	153	0.35709459835728985
98	262	0.17669116465580195
98	270	0.3520724902037912
98	700	0.18138177879462783
98	796	0.03647511524764148
98	1217	0.19646704983609362
99	101	0.2722995740978949
100	1168	0.10040937076860756
100	1214	0.20150959074106203
101	73	0.14576663978407203
101	99	0.07210370656746226
101	261	0.28116247702580593
101	262	0.41466126287361377
101	263	0.2604908688054703
101	283	0.20493546331241957
101	359	0.055405523122664314
101	411	0.1344527293270077
101	450	0.22702215075980406
101	628	0.24480224338398549
101	789	0.4593154302616884
101	887	0.05970309079378935
101	944	0.2835115001951166
101	1537	0.2980090670718366
103	137	0.17137532866641003
103	808	0.08310691831910623
103	963	0.11392208954772821
103	1253	0.23835376360431576
104	25	0.47579414712528034
104	98	0.4994007001050021
104	115	0.3661011806059084
104	137	0.33730434325860675
104	146	0.40405735555315997
104	219	0.0425728395464624
104	246	0.4827291069893305
104	300	0.21569828474222455
104	319	0.44750511356212547
104	320	0.25665326935689836
104	365	0.04307521414226248
104	433	0.24992490711998938
104	550	0.35135979061294986
104	808	0.4534915151833684
104	883	0.17277473635605156
104	885	0.20282351294718498
104	965	0.45748350278183425
104	1051	0.3235159522154445
104	1181	0.41756461236813036
104	1217	0.2288559955885632
105	213	0.4787049183049898
105	610	0.24218126014427419
105	1477	0.4109810304712004
105	1551	0.44637303306428766
105	1552	0.30310538286504707
106	112	0.29524933616069565
106	617	0.274436063445973
107	0	0.4432957907690255
107	40	0.07553227077514918
107	47	0.06860113376125959
107	136	0.32943085896485513
107	862	0.08004303288274092
107	1560	0.4040114682554277
108	9	0.1656786888237998
108	90	0.03489908034913484
108	112	0.3573093652872783
108	306	0.10942837213606761
110	97	0.06066256300773001
110	1518	0.3452155538946779
112	9	0.2528271930603276
112	10	0.4376327634565156
112	20	0.30389450585387545
112	26	0.12300263840160462
112	48	0.2265147271480249
112	51	0.3560874088728475
112	73	0.41942649401122306
112	90	0.024895884288638107
112	106	0.23735143316185073
112	108	0.4165985812012233
112	116	0.12579579370575655
112	129	0.07706675316090573
112	229	0.4442703068851733
112	365	0.35876283428635697
112	760	0.3435824594570264
112	1005	0.3007834495272569
112	1498	0.45126536873178175
112	1573	0.11813230953726159
113	1574	0.4628742880941434
114	40	0.4369550089513076
114	96	0.08944458022334266
114	120	0.3976943631029912
114	123	0.17119007753102597
114	137	0.16427084319280807
114	149	0.2113496687578451
114	204	0.06641803905836699
114	209	0.3786313048247058
114	217	0.43520605544946334
114	218	0.00021147088042957861
114	219	0.3094884658949179
114	373	0.48309101919075387
114	418	0.14636311450313363
114	426	0.011444690567021389
114	472	0.38655505737426865
114	476	0.015498071287033264
114	527	0.05644238421463671
114	642	0.0479387432842533
114	666	0.2654764566836054
114	796	0.4957846116675245
114	838	0.24384020727755257
114	921	0.20824092080516338
114	965	0.09978140614602675
114	1533	0.42290330562219286
115	39	0.4953094177418338
115	47	0.4132305970471002
115	54	0.3220615880074829
115	90	0.1627029966752377
115	91	0.010538132352566386
115	96	0.28362313307204445
115	104	0.1781554342603928
115	137	0.3687357062693206
115	153	0.3505413545329443
115	207	0.32902245740300134
115	208	0.19913089937501421
115	209	0.15426841090685167
115	215	0.3279579463191882
115	219	0.2064186694924656
115	220	0.24681168411302634
115	227	0.042213651916542506
115	250	0.1510649492296266
115	253	0.41947860713560364
115	255	0.22468683101557485
115	261	0.26780502301640524
115	333	0.2946394494258407
115	365	0.15454432475879123
115	387	0.06405686611458845
115	422	0.05472252929333555
115	436	0.15560842425721078
115	492	0.03134634613225599
115	506	0.3126653312099218
115	527	0.16897356490047946
115	584	0.13842051673823783
115	742	0.4806148861625005
115	762	0.3904140927602005
115	774	0.23431354629505705
115	885	0.48550648588615336
115	1235	0.465763864395501
115	1405	0.03945036616359193
115	1578	0.09139275599138458
116	112	0.05181202110801564
117	47	0.4087618729965787
118	1	0.3729277674018686
118	96	0.30817615142824084
118	1539	0.268569473008041
120	114	0.4516047181609745
121	440	0.21263707479188418
121	604	0.026741491673098573
121	757	0.15380899858602493
121	758	0.21827339178297067
122	73	0.05978375156817238
122	129	0.100488869408863
122	1591	0.2443665585604948
123	47	0.4878910732319327
123	114	0.07961738233059401
123	137	0.14641398590924898
123	138	0.3976170248392219
123	216	0.4580628997998679
123	373	0.07103550990507146
123	660	0.39569565310506444
124	57	0.30554105971921913
124	63	0.21375912557564106
124	98	0.15901070304389997
124	136	0.2845005916912722
124	164	0.46541259061954665
124	187	0.47543515545342646
124	513	0.3638555208257316
124	520	0.09610056299984719
124	571	0.24250381874701496
125	9	0.05293488994952449
125	47	0.48251476462240805
125	52	0.477688840237326
125	257	0.29873817833425426
125	283	0.26557915665886317
125	288	0.46566314341806353
125	438	0.38392683557582374
125	454	0.3094020482017747
125	846	0.14529508587556075
126	8	0.10851390793883771
126	44	0.4398373194249429
126	73	0.4722162427238127
126	91	0.39305802668468465
126	137	0.12485909777170408
126	224	0.4612233474718705
126	288	0.11954376837374191
126	654	0.049829542974075325
126	782	0.06510463240588775
126	783	0.0776761310193403
126	813	0.35169069129830877
126	1386	0.37109152069111906
126	1622	0.450096413752441
129	112	0.18272461430927217
129	122	0.3741329501930833
130	47	0.17433311808462368
130	488	0.016191217405739238
130	611	0.3365811972285271
130	1190	0.4779329692381535
131	752	0.09392370732372317
132	134	0.3207818316987249
132	1395	0.14686351263403027
132	1585	0.16526664041083303
134	132	0.09555721628939305
136	107	0.4936088693187923
136	124	0.03993432775239494
137	40	0.4570955179024214
137	47	0.36303477105643694
137	73	0.30683008263829625
137	91	0.14707935986746107
137	103	0.4780044037963587
137	104	0.11761478778222019
137	114	0.3357529120135624
137	115	0.22374890957407714
137	123	0.12466181098258204
137	126	0.1423904250110223
137	151	0.10154428988050541
137	156	0.07720639530377589
137	209	0.46714083219244235
137	218	0.031513410885300804
137	219	0.23149883934911453
137	264	0.4255211106118588
137	282	0.48334007762488007
137	319	0.22570747355563803
137	320	0.4592520777604267
137	365	0.24778613405732355
137	422	0.07420572239923263
137	492	0.17579279361210673
137	539	0.3620265189235962
137	622	0.1512515743809719
137	635	0.43546744270365506
137	709	0.34117691460142313
137	759	0.18716680832068638
137	796	0.2322193178571405
137	838	0.460456011250945
137	852	0.15356805887738467
137	885	0.3602946003925892
137	936	0.11388719783624776
137	963	0.3006760551070396
137	992	0.384552266932679
137	1199	0.4405385685443416
137	1202	0.35633378551415823
137	1421	0.42309374974017416
137	1533	0.1400103512418114
138	123	0.04429204674073801
143	727	0.47601457157054583
145	47	0.00803623792100972
145	51	0.4074382114721255
145	1229	0.3135242804092002
146	104	0.34840437707815836
146	338	0.33584488591752903
146	1185	0.01288761226327851
146	1639	0.16301002641203663
149	114	0.44176264939875776
151	137	0.4052830650085019
152	197	0.24392015180210538
153	40	0.4614245944507414
153	47	0.2280118923540754
153	98	0.3963143168697421
153	115	0.054026809622413456
153	360	0.24257175572242615
153	378	0.4801926817201323
153	905	0.07112566401006183
153	1217	0.37356845335748845
153	1533	0.48916593338388903
154	170	0.42666519660799057
154	861	0.03531868190263484
156	137	0.3332081544098996
157	565	0.2936769563879962
157	988	0.11328214493943171
157	1663	0.35017732869801943
159	1664	0.21665057315330175
164	47	0.21690726183354525
164	124	0.45963044902027794
164	288	0.31467187874419683
166	96	0.32316070969602906
166	1672	0.24866609402403006
170	48	0.4447425012627398
170	154	0.4122559983811611
170	175	0.12970092413331308
170	861	0.3167329984058997
174	14	0.08681621681741311
174	288	0.43653211787432855
175	170	0.3334900118784824
175	861	0.19381462779820666
177	1676	0.27011759415749764
178	290	0.37599454401103194
178	781	0.11172138564701299
178	1678	0.3610138462890999
178	1679	0.2684026119089724
179	47	0.17936216790363005
180	276	0.3231130726380292
180	805	0.47362123775302756
182	256	0.49955345565720666
183	614	0.4570271658827669
187	26	0.14744315792578452
187	124	0.33597701280341735
187	1357	0.42860552368793675
190	983	0.1201869373718684
191	394	0.38299993967503226
195	657	0.0696058787370827
195	1696	0.340539702531222
197	152	0.4362741964358101
200	233	0.39923492395274224
202	21	0.2296641256467652
202	257	0.000493488000504224
202	811	0.043327977570568756
204	114	0.10917184012276825
204	1703	0.1887501238178146
205	333	0.37498283779189057
207	115	0.22056725767499072
207	217	0.02837008372848542
207	288	0.30862144711194256
207	964	0.27458550344352645
208	115	0.27220800632994213
208	307	0.21062471518945208
208	444	0.42506228793788126
208	451	0.012266263594733944
208	803	0.18387299786690553
208	882	0.416684876228586
208	1706	0.49235728932900846
209	91	0.047603852327300626
209	114	0.007980878604479186
209	115	0.012867731665047693
209	137	0.10910884802738664
209	218	0.4010110445543024
209	219	0.4953670911991683
209	320	0.31223406578955365
209	958	0.29716244115867113
209	996	0.3897582174758792
209	1024	0.44613106804465813
210	23	0.08798668138894508
210	32	0.033297342231109285
210	527	0.10254816442317109
210	796	0.19692992532940948
210	798	0.04160656229792678
210	1412	0.2966062143269245
210	1631	0.18199662379878262
211	51	0.45132178859006383
211	296	0.4382074590251916
211	352	0.15858670109710293
212	474	0.007263066346420242
213	105	0.3636618510520314
213	1289	0.21185067608491115
213	1710	0.2407784689245701
214	262	0.49156722865534475
214	853	0.3549027089295836
214	1026	0.09942592991392767
215	91	0.34784324442319864
215	115	0.004181222331811512
215	318	0.44009666036059836
216	123	0.0795943017286495
216	1115	0.3539447434772964
217	0	0.2217016993276328
217	47	0.0416227703835675
217	49	0.10216821312372064
217	114	0.3071852950236586
217	207	0.2079237751942319
217	422	0.018601423233421843
217	423	0.05836732329616076
217	527	0.4367410010592697
217	654	0.02546729886957157
217	796	0.4872401573700342
217	798	0.26653320653209767
217	838	0.27151766798248433
217	1251	0.43787931075650366
218	47	0.4924699031839125
218	91	0.1341087104104542
218	114	0.10404902178448956
218	137	0.228424462584773
218	209	0.2735958418640022
218	219	0.445198184914399
218	256	0.2170090418911188
218	314	0.04344805232271771
218	364	0.41321157400146646
218	654	0.47690847281678417
218	803	0.3890995144213425
219	47	0.18030143664209142
219	91	0.3718499827887988
219	104	0.14672881677614918
219	114	0.41728820212970597
219	115	0.28094488392662526
219	137	0.06355911343977151
219	209	0.23686522576017452
219	218	0.06772698793682262
219	221	0.3447002202101916
219	373	0.40842588047693296
219	550	0.42015610308264
219	965	0.12217834633900505
219	1015	0.3137244410808451
220	47	0.08165624862688405
220	115	0.21489171888527892
220	224	0.18030753523592702
220	455	0.2715481888242909
220	1715	0.3215012814250485
221	22	0.4106381152013207
221	219	0.20835979043645855
221	227	0.14833892062699097
221	320	0.2689651348222167
221	1014	0.021117774586308584
221	1516	0.17201783668456608
222	22	0.45285833418613536
222	30	0.13461519069648367
223	47	0.41331908847765225
223	422	0.035361352065777306
223	1723	0.3971795334970073
224	30	0.15366817627463025
224	39	0.4666602657630215
224	47	0.06375562296640447
224	73	0.3476279980517927
224	91	0.25699009473078216
224	96	0.3294272243245605
224	126	0.4617232068741622
224	220	0.372457516484702
224	244	0.255078066101588
224	288	0.39185936219283835
224	314	0.49062698249214065
224	318	0.28200600551102545
224	320	0.32078239689303834
224	332	0.2799409234340875
224	342	0.09164640141237278
224	365	0.15316315250411858
224	527	0.08658563306181641
224	778	0.1540234508252369
224	885	0.03972328207529638
225	1738	0.0600512623758936
227	39	0.019348457974898058
227	47	0.01906038462092881
227	115	0.452251217221738
227	221	0.29605756877732303
227	344	0.2991986567374376
227	365	0.01246432966491896
227	565	0.21337001998165214
227	961	0.14903464092802457
227	999	0.2168889851335224
227	1014	0.36553807414206263
227	1747	0.029518449020752513
229	112	0.12733879994334335
229	333	0.17057407877359543
230	22	0.362872523235376
230	417	0.34606878656655904
231	288	0.3357972147521572
231	314	0.34661857966507204
231	344	0.4947842793845787
231	1187	0.04399413284607515
232	47	0.06437025890646005
233	22	0.16770900729841717
233	200	0.43828938163392056
233	1420	0.007374877498289107
233	1714	0.12424728731220987
234	1763	0.08646382532735063
234	1764	0.2473360857669533
234	1765	0.07866488419454759
235	238	0.25695414819432494
236	238	0.0054291147157559515
237	25	0.49152973775733383
237	39	0.13393679324087485
237	47	0.15879222440530527
237	238	0.215286791093842
237	271	0.07372648051230137
237	288	0.4715207976518589
237	381	0.3960988196307917
238	54	0.4779409858306107
238	235	0.12127651945324194
238	236	0.45659714748563024
238	237	0.031042053455736747
238	444	0.49029362035164065
239	327	0.06919822114262744
240	469	0.06388119247779077
240	812	0.41049475081632847
241	29	0.18418308282936965
244	23	0.4251239018472724
244	39	0.08919257427584829
244	224	0.04408311900084881
244	459	0.2980387414502753
244	769	0.15299695922194753
245	806	0.3119128713680919
246	26	0.05743549735651337
246	33	0.48489165552411334
246	39	0.45914024565632466
246	47	0.005599304053648106
246	104	0.19709604836516326
246	320	0.3418696856040157
246	332	0.15486354050707332
246	480	0.38564478562723514
246	885	0.30640051217329783
246	1797	0.3776098243262856
247	39	0.40182697212695306
247	560	0.2523103168420974
247	769	0.46537888549676504
247	806	0.22744720685819292
248	307	0.23866695514448807
248	396	0.31467024447116937
249	39	0.26956831644705015
249	51	0.30640812254593663
249	468	0.36907414699258995
250	115	0.1739051320832132
250	256	0.3040670056947188
250	457	0.4629350023745551
250	778	0.16285846580606025
250	1511	0.04253637820090695
251	311	0.308847775663921
252	13	0.4903206031980364
252	76	0.3937453767754023
252	95	0.030571269549993705
252	565	0.09395914979854661
252	1470	0.23260531522311703
253	115	0.3610686746862842
253	282	0.4651391165086779
253	319	0.48737053593992313
254	333	0.23942120284724933
254	1805	0.48280110656722963
255	115	0.04639546576802172
256	30	0.34213511572700694
256	96	0.4927993318235965
256	182	0.3128570462164395
256	218	0.3955555858398207
256	250	0.17767117957183023
256	762	0.30601871611667114
256	778	0.3650758341697556
256	1199	0.14353116782667594
257	2	0.4149361550593274
257	30	0.17225813882461827
257	31	0.272950980044178
257	47	0.20213023031738406
257	125	0.30696816278170186
257	202	0.41847676949106694
257	258	0.20418283740767046
257	291	0.31770007543297624
257	303	0.10368923929480371
257	308	0.4307552052898177
257	310	0.36251676625381307
257	322	0.23868609163893803
257	323	0.34208316210983414
257	329	0.429307353828626
257	331	0.3890747681050968
257	332	0.39362390106835987
257	333	0.25794194451234237
257	335	0.03808024945839572
257	339	0.4098247212918402
257	340	0.0015650330339095346
257	344	0.1487937244682918
257	346	0.060692658100583836
257	519	0.20918155991172577
257	778	0.1183347876807191
257	810	0.40733568288802835
257	885	0.4224228386727737
258	257	0.0572165618432625
258	334	0.3694354913308229
258	347	0.08034003868274511
258	810	0.21954989015059218
259	46	0.39179966608613875
259	359	0.08059304964388597
259	440	0.3314554378994708
259	843	0.05451588869745975
259	1071	0.15121489001120314
259	1629	0.475991864176868
261	46	0.09240280806787043
261	47	0.04419439031391321
261	101	0.2916975355125297
261	115	0.23505325074116148
261	262	0.4449683104177322
261	263	0.31963176690395884
261	351	0.22122359489123616
261	359	0.27583964658156085
261	422	0.19684661064357753
261	1034	0.44278103973915817
262	47	0.17580005681932137
262	98	0.49152300890706585
262	101	0.12078032093044574
262	214	0.20910418008005388
262	261	0.3347945289786186
262	276	0.31859725593953103
263	25	0.49042110096012953
263	46	0.34070060168126237
263	47	0.3871304478743287
263	101	0.19459561603254755
263	261	0.06490587929534895
263	412	0.41223035629013427
263	413	0.2647545373399002
263	416	0.25038301152255577
264	47	0.16560130691563021
264	137	0.03376355547529087
264	320	0.1485056065484195
265	1739	0.2557569537707497
266	34	0.23130685753753577
266	333	0.02073789429621645
266	347	0.2858110104625813
266	354	0.42104538990934426
266	542	0.18126299717157915
266	808	0.1688434464165583
266	883	0.22747447703448564
266	1207	0.05701349840369803
267	741	0.16388636629250222
267	1196	0.321259249067476
270	98	0.437183394245624
270	528	0.11226380588492327
270	1829	0.4743757220851174
271	18	0.24362202450441525
271	46	0.268813641692292
271	51	0.16987380516318848
271	237	0.2755644674179022
271	328	0.02505695056289816
271	359	0.0926927448245587
271	402	0.4821609309305624
271	412	0.19762091595480366
271	542	0.2065904017646975
271	545	0.16530678259877613
271	546	0.21971531844805142
271	700	0.3199503730917367
272	0	0.14836369325241194
272	73	0.13128533517113747
273	0	0.34785454443708463
274	0	0.11885125655171817
275	0	0.03449527129819873
276	0	0.3869652723419772
276	51	0.14577163783121083
276	180	0.3557990642263446
276	262	0.40528884441870605
276	312	0.4218708312895118
276	474	0.10892206487192974
276	1381	0.2857088604173805
276	1654	0.05457432127578714
277	0	0.29521215247568505
277	303	0.36055646290362675
277	340	0.07682356231035074
277	420	0.09847709724359971
277	568	0.14915576649551648
277	622	0.4951695365661431
278	0	0.4148374400784988
279	0	0.24273001044819192
279	1745	0.37229892581878726
280	0	0.4826367539112135
280	37	0.13293990279161808
280	336	0.17632200311169868
281	0	0.44476759564987384
281	46	0.07503380975579725
281	47	0.1530918355477652
282	0	0.46444469022760265
282	137	0.2633554753393112
282	253	0.47174951603597337
282	963	0.2834250995394155
282	992	0.4135943605562181
283	0	0.005749008595567897
283	9	0.4419176328431904
283	47	0.46050282072585624
283	101	0.055872099420225016
283	125	0.01995472122598518
283	288	0.48213372923418446
283	361	0.0356009005244247
283	628	0.3647497400378564
283	1844	0.1868201488912221
284	0	0.34591199275889783
284	65	0.39424162717750216
285	335	0.13767153237746005
286	1334	0.30552553945917327
286	1853	0.1742274963581252
287	18	0.35657817644503503
287	41	0.045378371439939266
287	51	0.37712467670206956
287	412	0.4117301454218946
288	9	0.2667526546520567
288	41	0.23434174296539037
288	47	0.4475530910814836
288	51	0.4893604580737803
288	125	0.3532799006944631
288	126	0.1381350292595366
288	164	0.29049027815199213
288	174	0.3982962810778686
288	207	0.389583361221992
288	224	0.3594932836721383
288	231	0.3139295075747142
288	237	0.015516344310489288
288	283	0.4122113098152725
288	333	0.37085377634875893
288	339	0.22697621367459664
288	381	0.14728716342608464
288	411	0.0662410346138885
288	415	0.3742571085387184
288	434	0.375724074087607
288	454	0.4897140229844346
288	520	0.06852892853504487
288	736	0.4828890436176195
288	1844	0.13612478986731383
290	178	0.4749169875843515
290	781	0.1315419504675605
290	1640	0.09323015061973389
291	257	0.4210822866799213
292	41	0.24178291228014204
292	87	0.06930232524881161
292	392	0.07038632779462778
292	393	0.10891197682234692
292	394	0.3845797213972392
292	560	0.4770362217900448
293	2	0.3162842604634235
293	26	0.03958665812807157
293	35	0.15136819076573957
293	309	0.2628010169600142
293	389	0.12596238127670278
293	393	0.3421777037121683
293	394	0.26316886356043273
293	395	0.001453195034405008
293	462	0.43934413584845616
295	1	0.23880635068844183
295	1865	0.03719967164123497
296	1	0.22043760077856406
296	38	0.4533663795785292
296	211	0.11380593763973001
298	22	0.2829719766581478
300	104	0.3754684075658766
300	413	0.08543288565215108
300	416	0.0950395482196671
301	306	0.3575102583517745
301	429	0.06992270470302273
303	2	0.36791742999247407
303	33	0.1863054082198906
303	41	0.16921749821722198
303	257	0.1730571237850502
303	277	0.4667692528183108
303	309	0.30129379505087095
303	332	0.3040569340965367
303	333	0.47291402219787154
303	1785	0.4369471164329631
304	2	0.11663375697441287
304	91	0.046456757855361186
304	96	0.4166065878332229
304	320	0.21047058043452305
304	322	0.29285490046687
304	332	0.2558852694989973
304	438	0.0508800034055441
304	932	0.14117966123723388
305	2	0.4767589267614377
305	499	0.377610092618743
306	2	0.46795968173875613
306	108	0.09058284147334139
306	301	0.44612395476617234
307	2	0.3315084309208109
307	51	0.47901242369645214
307	208	0.23498795996961738
307	248	0.3537057087471283
307	620	0.23083354155134564
308	2	0.06948368203484556
308	47	0.417588329237657
308	76	0.44115739445946567
308	257	0.061538932163007466
308	309	0.2072405604693906
308	322	0.24524809254355226
308	331	0.40840515109151737
308	335	0.10081630028238676
308	810	0.4206438416735117
308	811	0.13794881879144313
309	2	0.36983048061601137
309	47	0.10488717582860392
309	293	0.05905203869110023
309	303	0.42159355915192714
309	308	0.05341451835570482
310	2	0.34725941850159436
310	39	0.4680137820167651
310	51	0.21129287010291603
310	76	0.3678490119269061
310	257	0.14788553199575835
310	332	0.32524297729078844
310	1807	0.267074962808946
311	2	0.39389669619894213
311	251	0.018660959318407055
311	326	0.25887215297551147
311	780	0.31499422650481546
311	1529	0.3703763389623997
312	276	0.45977698453497284
313	622	0.19215642831465526
313	1878	0.09804407036392689
314	18	0.16355333936838296
314	47	0.31682547902636515
314	91	0.38725134548056794
314	218	0.01476955891261197
314	224	0.38507305970014244
314	231	0.3896500635040824
314	340	0.4269421825457661
314	426	0.10677796130595174
314	459	0.20751612573925318
314	574	0.4939441290807095
314	876	0.1885676653741561
315	1174	0.10134647075333011
315	1285	0.3156791503527941
316	340	0.13012224146124926
316	402	0.1705977680165943
316	544	0.21210247282207476
316	546	0.26743616600519543
316	584	0.09890642600479332
316	1266	0.38124217825725204
317	54	0.14861462586662655
317	1881	0.1446534220698388
318	48	0.030727224762931403
318	91	0.4811758353227835
318	215	0.1594560295887789
318	224	0.07447912341928037
318	397	0.43092073777896595
318	745	0.18787577856825324
318	897	0.22553189694692977
318	917	0.09608152238719223
319	104	0.4188721682210777
319	137	0.2634804490064958
319	253	0.41911744835180254
319	885	0.32540988809404653
320	39	0.4295586008189737
320	54	0.1292682794247562
320	73	0.2421500297500002
320	96	0.2838882474972709
320	104	0.03715360902608861
320	137	0.09988883791049252
320	209	0.369039107080846
320	221	0.012213375305598646
320	224	0.20958421811783376
320	246	0.48136485095663767
320	264	0.13748028771815068
320	304	0.12023251743705357
320	326	0.16572866783007792
320	422	0.2798697242648222
320	433	0.09657999782942381
320	742	0.10249090351770368
320	801	0.2829620921379953
320	802	0.40378623543309655
320	813	0.06506883295858745
320	852	0.49939145208405683
320	853	0.19767026244512964
320	989	0.11606790458627092
320	1202	0.4805628454646096
320	1253	0.07200668113242965
320	1741	0.4245026294204401
321	91	0.4985983524973213
321	340	0.3533878379039653
321	616	0.26706246564741404
321	730	0.09069756578665017
321	879	0.12376477945822298
321	1001	0.10478472486994445
322	47	0.17360892732252992
322	257	0.2822149286671017
322	304	0.08002621993252879
322	308	0.36980407951807986
322	1886	0.38979163974890524
323	257	0.2876606370097149
324	347	0.14620731905753293
326	311	0.3972954684872484
326	320	0.05389195449959646
327	239	0.36520609307285856
328	18	0.000598827339815974
328	27	0.07051611319635263
328	51	0.07393183988482603
328	271	0.33273376739477933
328	402	0.2877103542982854
328	411	0.47210643951112974
328	412	0.2548359592328858
328	542	0.20402335385221695
328	544	0.09530557967946676
328	545	0.10104947373665703
329	257	0.07555239860290022
329	347	0.18540865812657634
329	1206	0.41881916447928697
330	47	0.359281554978783
330	893	0.42120612748568287
331	47	0.2926002149590957
331	257	0.033553179889715075
331	308	0.07825390985743744
331	339	0.1836346040413296
331	1891	0.4061178452895695
332	39	0.40090599974996666
332	54	0.2557433786387663
332	224	0.4195043315414603
332	246	0.4236081934781243
332	257	0.15400183470102602
332	303	0.11527518501090463
332	304	0.4377936890548867
332	310	0.04992288456284262
333	39	0.46025713372289195
333	76	0.3784072213611675
333	115	0.30952840779477936
333	205	0.08985761113190306
333	229	0.14437596882040016
333	254	0.2621847923013228
333	257	0.2630582477406252
333	266	0.1270568315723604
333	288	0.09421234910484147
333	303	0.4274338570911101
333	340	0.37734319176742226
334	76	0.2204390223002184
334	258	0.32786983156670774
335	47	0.09108217532153921
335	257	0.23824734226932232
335	285	0.14037741397014014
335	308	0.17647404425954805
335	339	0.4602495733621709
335	1286	0.13576171111267488
335	1620	0.40401120875033114
336	31	0.2833704306259616
336	280	0.06295681331759061
336	344	0.466238453840974
336	390	0.25476196023480346
336	459	0.04816582285821844
337	375	0.11970588090517731
338	40	0.059680915712491664
338	65	0.21512192606405992
338	146	0.389864026099655
338	367	0.465049107865398
338	873	0.11012802397538922
338	1807	0.1110782733326845
338	1893	0.040948432929593374
339	47	0.43681871835507896
339	257	0.07889332655597375
339	288	0.4114351627031077
339	331	0.26802107993575697
339	335	0.028116191287531133
339	390	0.3972237534822889
340	30	0.2979758847005783
340	257	0.47493433551439357
340	277	0.46911485424055965
340	314	0.42406108621839006
340	316	0.12548829959542443
340	321	0.04502823680840582
340	333	0.07841189198966715
340	621	0.3568102782667164
340	624	0.19179631253309146
340	760	0.05681599759441808
340	885	0.1953117790622006
341	14	0.10327231548976892
341	416	0.37387837754886216
342	14	0.04658440244578977
342	224	0.4456798176815322
342	412	0.35393456294371856
343	32	0.07979186590505669
343	387	0.39471436958100264
343	519	0.06042385771622153
343	1182	0.1222049590013007
344	39	0.12091550721012861
344	76	0.11748777541803004
344	227	0.25857609807168314
344	231	0.0642019890219161
344	257	0.200129331749747
344	336	0.4807774952478927
344	1187	0.29165776155467127
345	20	0.19386504205900718
345	504	0.19779015550328488
345	1054	0.14381451695289232
346	34	0.01746286502427152
346	47	0.17763906869995216
346	257	0.4156854740861566
346	766	0.43515265482672444
347	34	0.005657224688907293
347	51	0.10564468839131333
347	76	0.17129601511660428
347	258	0.12012808699070154
347	266	0.1638121894284955
347	324	0.4651097994705853
347	329	0.17591899273905506
347	1035	0.45341812592156294
348	743	0.48623801349461343
348	1549	0.44218462621552496
350	38	0.19315867708576556
351	261	0.3894302158861118
352	22	0.15971091976112345
352	211	0.2952527823124026
352	550	0.07241299204705619
352	1897	0.09007799462899581
353	612	0.08742494994724664
354	266	0.07473379968001416
355	4	0.2485167072815205
356	4	0.11530334982798915
357	4	0.04902736640250065
357	51	0.23086692539435855
358	4	0.3843939598159985
358	1903	0.14868163886267788
359	4	0.011595634544419918
359	27	0.41503366570070765
359	28	0.012038695686681963
359	46	0.04132584239019496
359	51	0.20575621248752324
359	101	0.14666896123879034
359	259	0.4614095572893888
359	261	0.18913756431710135
359	271	0.20143828595804197
359	412	0.03333417075632814
359	544	0.23389636365168195
359	546	0.2727495899523514
360	91	0.4744455580522807
360	153	0.21402921746924675
360	1121	0.22590122246395672
360	1578	0.10464493365229788
360	1906	0.27555828693933027
361	283	0.262880601377971
364	218	0.24072685210179223
365	47	0.4877902424350395
365	104	0.10055171115147744
365	112	0.44806880639711255
365	115	0.30427012353273764
365	137	0.39716295776768934
365	224	0.19992252109645955
365	227	0.34294470180934905
365	420	0.47260151496088043
365	527	0.460330088464818
365	796	0.13479860085662082
365	911	0.13023215819734074
365	1014	0.3755765895102712
365	1535	0.06862109002364522
365	1569	0.23074491220632584
366	800	0.046355991896671736
367	338	0.3024106789445272
367	368	0.06058318084256743
368	367	0.1355740236951802
368	1234	0.25654180571279966
369	13	0.2766486831132933
369	419	0.07195884367452764
369	777	0.1916743329199989
369	1573	0.12464897501643367
370	7	0.1872730247840731
370	51	0.318564209891917
371	7	0.34638771939512036
371	51	0.1039135032500181
371	1217	0.09711391129447253
373	47	0.11869103100517786
373	91	0.0015117069834126896
373	114	0.30725940300670695
373	123	0.41364599082284914
373	219	0.016607537484893894
373	579	0.22902928127105954
373	965	0.4938021532453927
374	999	0.3478005608045669
375	337	0.14659229319647363
375	1581	0.4663221150960899
375	1889	0.31011006149844234
378	153	0.24291409662931213
378	379	0.17635907655996277
379	378	0.03293714393764751
381	237	0.3381308191773232
381	288	0.07257129455804709
384	8	0.3341708547284154
384	1504	0.08948312619115262
385	8	0.13635563418230348
385	54	0.4891883746373041
386	8	0.23354787019942663
387	27	0.015362805761199668
387	32	0.3682314716738937
387	47	0.06293433514857749
387	115	0.3832233945166922
387	343	0.2817141481098664
387	1069	0.3329986732225376
387	1537	0.30862519779466774
389	293	0.357731416538805
389	396	0.3826205190801975
389	561	0.3878642435629312
389	1930	0.3483367279471877
390	41	0.33889208674347604
390	336	0.09434410430916632
390	339	0.29723815976582313
392	292	0.49790476831179376
392	394	0.0342148086856776
392	816	0.31821890573156997
392	1931	0.4179136000953168
393	87	0.17779412619444032
393	292	0.2123697772925826
393	293	0.16968925487459616
393	545	0.002101348489812015
393	1017	0.4423131989817668
394	35	0.42850995609724757
394	191	0.31143306961375655
394	292	0.3370675012853136
394	293	0.1696672509643199
394	392	0.3620636796919646
394	395	0.04723693359463281
394	1840	0.14693906410513738
394	1932	0.30974088210064316
394	1933	0.2500954068568842
394	1934	0.33083540109603266
395	35	0.2580715804221671
395	293	0.08311610621446112
395	394	0.12299901951279191
395	816	0.20337287309913737
396	41	0.35030794566179974
396	248	0.23632927911762627
396	389	0.09921690970052116
396	462	0.4802142304127859
396	561	0.18058858405589187
396	788	0.16482334512816582
397	24	0.11869463905649884
397	47	0.07322990805880215
397	318	0.2699495119873151
397	399	0.3300531021113007
397	527	0.3681873803267291
397	729	0.36824745561112787
397	742	0.45586292439751214
397	808	0.45615418697781573
397	963	0.06774298002244473
399	397	0.24322729863083903
399	516	0.3726373954601588
399	1027	0.056372642265747314
402	18	0.029050691367276196
402	271	0.058496912510135134
402	316	0.422748889547556
402	328	0.14843585747223859
403	498	0.13245801553991132
404	407	0.3767620772992885
404	409	0.012377788425011462
406	568	0.012001147800927188
407	51	0.01731135979229963
407	404	0.3086545985625453
407	409	0.37379676546330437
407	541	0.08144434866155213
407	857	0.16449045552304367
407	1182	0.08068297756622601
409	404	0.38935231524346703
409	407	0.07476641661159888
409	857	0.2612187959351134
409	1044	0.11033469878559818
409	1654	0.38325544185545957
411	101	0.24110028718972168
411	288	0.03351498439071234
411	328	0.2819064292464605
411	415	0.2919593431112807
411	711	0.42798845904252636
411	736	0.34238391450849587
411	912	0.023416020365380076
412	18	0.20073676940510682
412	28	0.061458526760889955
412	46	0.12686114372632384
412	47	0.13781366698160655
412	51	0.33909734530366537
412	263	0.4799641398013342
412	271	0.23183265292507724
412	287	0.1355636634543585
412	328	0.07242407124764166
412	342	0.02524461820118539
412	359	0.2533943918952272
412	413	0.2604168076002533
412	416	0.49121711242123695
413	18	0.02479009541940769
413	45	0.40341543388845413
413	48	0.38086270091758095
413	263	0.45496197539783995
413	300	0.3510960728987393
413	412	0.4442917527883991
413	416	0.4509625980615258
413	1659	0.3639248864999849
415	47	0.09373300965667032
415	288	0.10030353304020986
415	411	0.16969848031273582
415	436	0.16851737590935462
416	18	0.023829519803182268
416	26	0.4353834403765655
416	51	0.4827325258879884
416	263	0.20512504719400815
416	300	0.16274015482588658
416	341	0.3245869089186592
416	412	0.11111125255843579
416	413	0.2832247719888388
416	454	0.17869718466092563
416	456	0.02070572905527137
416	1181	0.11697553807715301
417	230	0.018285313468828283
418	40	0.06021462326988157
418	114	0.29137541152285285
419	369	0.4953626184702062
420	47	0.013538734549376163
420	277	0.3309935972775893
420	365	0.13445868199309974
420	1483	0.2510200702928154
422	44	0.40356133822381585
422	47	0.40373378463255855
422	63	0.41347257183554914
422	96	0.16906783755087498
422	115	0.1699972395162609
422	137	0.355895917244421
422	217	0.36220149227637477
422	223	0.13239120335291005
422	261	0.47142008277069203
422	320	0.37545384523492836
422	525	0.39912229573170227
422	847	0.2545837954483793
423	217	0.12282143060729454
423	552	0.32248982835757983
425	633	0.058451200868209735
426	47	0.3085700813657609
426	114	0.26786513677204304
426	314	0.2683098174193537
427	966	0.13593132584289683
429	301	0.358286768410049
429	924	0.4167147826670407
430	13	0.16045885067518803
432	445	0.3718660416612477
432	613	0.3033771577699732
433	47	0.19866770227880362
433	104	0.1700570186049902
433	320	0.48844507727075154
433	1969	0.2079644235679008
434	47	0.024496346693423154
434	288	0.2744817392719182
435	48	0.33637733784795604
435	1212	0.27107158480697224
436	46	0.43405367411076656
436	47	0.03286033473838561
436	115	0.09565089925058469
436	415	0.2820278566748902
437	451	0.4442803606583503
437	1980	0.23980782249662208
438	125	0.06929626389865809
438	304	0.27568468318699346
438	1188	0.4421488973393002
439	743	0.2532464538461883
439	1530	0.3962676526862048
439	1732	0.4900027276950783
440	121	0.38813033328639107
440	259	0.410779778822837
440	1982	0.24176910271776472
441	20	0.43348628160779173
441	1983	0.3685669780838786
442	26	0.030685157626007195
442	39	0.33117697083206116
444	39	0.3400740754937023
444	208	0.32082166279109864
444	238	0.1744036239435666
445	432	0.025756978739025688
447	1721	0.3176052230996094
448	710	0.09062364535676545
450	101	0.0273074982112802
450	1880	0.4965748490092409
451	26	0.42716089880599123
451	96	0.30369314668326886
451	208	0.3938603100240035
451	437	0.11729627199778
454	125	0.49456718611492917
454	288	0.2952858299749941
454	416	0.4031000096570706
454	806	0.2914077768175892
454	839	0.14205821318676817
455	47	0.25266084846753234
455	220	0.3839054545995282
456	416	0.21206753183317006
456	1416	0.3844615770476295
457	250	0.2352389210310025
459	244	0.18682373774264716
459	314	0.031881438681165476
459	336	0.00317343201997417
459	769	0.15587994975362085
459	1031	0.06591256284090281
459	1610	0.2764535396318091
459	1749	0.10661275123662421
460	496	0.048418235192727165
460	499	0.31657168346589465
460	848	0.47435562205082593
461	13	0.061762982010751186
462	35	0.16770421041518357
462	51	0.14959552026667522
462	293	0.33493281318393503
462	396	0.3585984474433795
462	1297	0.3024283893996615
462	1857	0.2888461181172146
462	1997	0.12152378951456394
464	862	0.007524362528823181
465	13	0.35018447297719296
466	857	0.26459165193036305
468	13	0.07751080102810057
468	249	0.30986401387015544
468	548	0.12520789769244392
468	1998	0.21803312127873872
469	240	0.3915091596213404
470	784	0.45563285741372517
470	969	0.2018265352257116
472	22	0.3881985118610012
472	76	0.36980159865235573
472	114	0.44259062448905157
472	557	0.2129328104071688
472	1714	0.1796465879147097
474	212	0.19221255999444822
474	276	0.01353230585077748
474	1135	0.4970505953781339
476	10	0.32444459238518353
476	114	0.21998567156237395
477	10	0.17387335598618892
478	10	0.1738357936418012
478	39	0.3603481861021136
478	1240	0.3877398277101698
478	2007	0.04930758308051628
478	2008	0.3116770290133161
480	246	0.4183921325158432
480	811	0.17713542199572482
482	1177	0.45982339589297644
483	2013	0.00857392262219442
484	1938	0.10162990035518564
485	86	0.40492270621670956
486	48	0.30106479772577455
486	2014	0.09325586808820817
487	51	0.12802409802340678
488	130	0.32571383990501224
489	1115	0.437984778300435
492	115	0.04897296441690303
492	137	0.248053143230642
492	852	0.13319554403624115
493	2018	0.20310034459919696
496	460	0.16804418624501796
496	499	0.3399094576484117
496	1625	0.2499722658832496
498	17	0.03827459013603952
498	76	0.07681084434344741
498	403	0.48334958874865136
498	1188	0.1957056374128103
499	305	0.048989901600452204
499	460	0.17035804031780438
499	496	0.04507548084569978
499	858	0.074890238274205
499	1530	0.40682618438481233
500	12	0.15084807196549535
500	42	0.11323406114026856
500	592	0.39242673556914026
500	675	0.25330076482025377
500	841	0.11661547069013178
501	506	0.09634193381510792
502	595	0.17129666502665605
504	345	0.3428540190483421
505	509	0.3164259468450217
505	1345	0.034617924107945675
505	1365	0.028063674394432265
505	1389	0.41171475936606156
505	1851	0.11148692388549439
506	51	0.41606138556543343
506	115	0.07392283240470005
506	501	0.05121855965473706
506	768	0.11493762661056574
507	1697	0.34257187818681506
509	505	0.08676664596283495
509	1047	0.09878747463625374
512	48	0.13259271838953757
513	60	0.28538681065265237
513	124	0.18877353058363414
513	1347	0.2385166791371906
516	399	0.014737847404911074
518	1251	0.21543750718450036
519	257	0.24474654481168398
519	343	0.07688823726266394
519	852	0.1601765881391771
519	990	0.47146200476571554
519	1193	0.05803504896141462
519	1412	0.12167725726234005
519	1630	0.30871809062064265
519	1758	0.21941703070248536
520	124	0.43731358064537734
520	288	0.20450032283954664
520	710	0.06284268305626087
520	1711	0.3266298784051046
521	13	0.11914834640455117
521	621	0.13358377573320243
521	770	0.04283132352758254
521	840	0.05176741868573774
521	846	0.10912925098907776
522	13	0.17560466816784637
523	13	0.2718432886792803
524	13	0.43174176763702005
524	52	0.2873894401595792
525	13	0.035254265129037225
525	51	0.03349424056755192
525	422	0.23267725539502412
525	788	0.19582188937357178
525	834	0.007181967413806187
525	1069	0.12557411856442888
525	1317	0.18754611930558607
526	13	0.39670546836647747
527	13	0.3289171660118439
527	65	0.3020589388191914
527	114	0.31185507347496866
527	115	0.1773472795722039
527	210	0.20741395437214083
527	217	0.07273941473213857
527	224	0.15733547287166114
527	365	0.2039945811278686
527	397	0.2670985065147135
527	961	0.33041218653797516
527	1014	0.25916051831141323
527	1569	0.44698358533706584
528	270	0.04140108968468849
531	76	0.4377986327081885
533	91	0.3569200813186478
534	91	0.17423936962939535
535	2036	0.36729227508566237
538	18	0.15281389294920494
538	47	0.055902359278044565
539	137	0.29711791380336744
539	1051	0.14774769893939457
540	2038	0.2157226461893976
541	407	0.1730250600451761
542	266	0.05408256976718898
542	271	0.47664629204737324
542	328	0.002719168781335964
543	623	0.07316241951797743
544	18	0.3324490171445035
544	316	0.2228631353968241
544	328	0.4511991774962219
544	359	0.2566355909157083
545	271	0.2602363055930543
545	328	0.23087738567864075
545	393	0.24945722153788474
546	271	0.44987509288181504
546	316	0.4524108960003143
546	359	0.3157923511288074
548	51	0.024876446636455544
548	468	0.008648378433441694
548	1418	0.2356696771503714
549	1493	0.4015867606384107
550	30	0.3606047370648431
550	91	0.4007121149485053
550	104	0.16936273276844915
550	219	0.17247140039132755
550	352	0.07491448043919931
550	965	0.329131276708892
551	1390	0.15237160996426258
551	2048	0.4091997744380172
552	59	0.33272725989719937
552	423	0.11203373785557613
552	1253	0.04826853320117538
557	472	0.07439385714370493
559	1028	0.0007873201576841756
559	1808	0.3218075825897043
560	87	0.4455119690666431
560	247	0.3051050149645358
560	292	0.12182696527595047
560	654	0.17030717986913932
560	1631	0.05366715867004238
561	389	0.4819151567081939
561	396	0.49008659405006877
562	1477	0.17118299225175915
563	29	0.21856586597900599
564	29	0.45632730439201175
565	157	0.121826405546586
565	227	0.45289514805110626
565	252	0.029214893361603232
565	1820	0.12161340989913219
568	277	0.15620586707684173
568	406	0.1670702272795896
570	15	0.054533788443705294
571	124	0.3564821621350133
572	825	0.3100173705210355
573	16	0.01784863346449766
573	70	0.16719055106330674
574	314	0.2706980207333778
574	818	0.2553336997751956
575	39	0.38004757889396673
579	373	0.1906808430720333
579	580	0.4434963598728976
580	579	0.17794161320989393
581	582	0.4604762490657135
582	581	0.41266229541070937
584	115	0.2097721303879674
584	316	0.290986022394958
585	781	0.029756132150113843
586	587	0.2250665871599929
587	586	0.4035254698356485
587	588	0.228564677848057
588	587	0.20795368656497368
588	631	0.025657584126537236
592	24	0.2658959480169477
592	500	0.32954344700737737
594	1301	0.037944394575455814
595	502	0.14592110067770786
596	75	0.1148455190253206
596	601	0.40770651413484693
596	853	0.1782871679431617
598	1211	0.41579453443610714
600	1351	0.2970559399541562
600	1352	0.0019561850712071127
601	596	0.4982536195355818
602	46	0.28732881853189174
602	1522	0.4755373317680455
602	2074	0.0007481307954810893
604	121	0.13873374523070836
604	758	0.35103706773233007
610	47	0.30844778873356893
610	105	0.1783044240266317
610	733	0.17416818669485512
610	808	0.35170704813879866
610	1713	0.03229267451599076
610	1844	0.118309961542705
611	130	0.47293087741807605
612	17	0.48697039636647804
612	353	0.21245053301015238
613	17	0.432234921191128
613	432	0.057004024941938354
613	1876	0.07179050518523965
614	183	0.144882701494122
616	321	0.17174921697884818
617	47	0.4420883344339926
617	106	0.17882863555280798
619	26	0.346008078882759
619	47	0.1513313107466132
620	307	0.3680570227221419
621	39	0.010753962647674656
621	41	0.07712262923804847
621	340	0.2882201847288419
621	521	0.10872846107952477
621	1845	0.370078931292314
622	18	0.39987967716141315
622	137	0.34589184980360904
622	277	0.4918303810333116
622	313	0.06817822784810608
622	1307	0.44963067464473067
622	1314	0.4876621980073686
623	18	0.162337015098702
623	543	0.1319902997097772
624	340	0.47603441675831737
626	710	0.49219507511990124
626	1685	0.2721164056987326
626	1687	0.15154185181304203
627	46	0.3701813853478809
627	2107	0.20974447032154866
628	40	0.28072674929327346
628	101	0.36030082587728085
628	283	0.23610813363009892
629	34	0.020439794479203795
629	992	0.24478389682101764
629	1331	0.47002082044633886
629	1342	0.437001110790487
630	76	0.4016727287666468
631	588	0.4695300104196553
633	60	0.2271445437455536
633	425	0.35817091811178897
633	1617	0.06624798354481659
635	137	0.022741303153682578
642	114	0.3762162114452867
644	2043	0.3249258376497143
644	2116	0.13641432425796568
645	1065	0.0806462768104081
646	68	0.40319126617199386
653	51	0.34049333478584093
654	22	0.46800432594992736
654	126	0.42661961551632477
654	217	0.3881938717427622
654	218	0.17050606774280735
654	560	0.4720474350696977
656	2048	0.14880783899195843
657	195	0.043914054392441115
657	2040	0.36795146952119007
659	2127	0.422588989606321
660	123	0.41157025790253526
662	40	0.2582317947491412
662	81	0.1993342669340641
666	40	0.43437597509954406
666	114	0.2477001021434245
667	1838	0.20413475794030592
670	833	0.1705371909227887
670	1739	0.06549493681296624
670	2059	0.026152707444958557
670	2136	0.19093329107970577
675	500	0.3890082254165257
678	1202	0.42059594564665725
678	1372	0.3598668991411309
679	2151	0.2760122414664769
680	730	0.13875486482578753
681	40	0.43479033034212083
688	2167	0.016545885828321692
689	2009	0.100711897600141
700	98	0.38467129273382694
700	271	0.41054570029011644
704	1325	0.3624329203893017
709	137	0.4023875948502027
710	448	0.40072971669932234
710	520	0.11958844155896561
710	626	0.38567696577688626
710	792	0.31861879866714365
710	1652	0.012925144414929956
710	1687	0.13083497248021073
710	2195	0.2588733112692558
711	411	0.35986110504732266
714	1755	0.4140674859204427
723	1030	0.03208080136324406
727	143	0.28391382190223685
729	91	0.026470255104081596
729	397	0.11606646361703378
729	1317	0.17108828999814069
729	1569	0.3465538380334438
730	321	0.006530486094901204
730	680	0.4972373597350256
732	1529	0.056006598721345696
733	610	0.1609123591850396
733	1713	0.30654064592341324
734	25	0.019655301529679862
734	735	0.48360161851162886
735	25	0.47374366457957484
735	54	0.1527945186082662
735	734	0.21933847791194455
736	47	0.25937364273271385
736	51	0.4230198319059839
736	288	0.026497276442402472
736	411	0.35716730139828906
736	1361	0.30158663858137474
741	267	0.4499046259004765
741	1587	0.45613646483977605
741	2262	0.056392161977514614
742	26	0.14073711768754388
742	115	0.44684196922434394
742	320	0.11795808716131673
742	397	0.14941287833312852
742	1251	0.1777096849004598
742	1349	0.23425920786553472
742	1415	0.22123475295250644
742	1640	0.3443777649961768
743	26	0.11657772479985846
743	348	0.47119667687897654
743	439	0.18641990610348813
744	26	0.30352780884325087
745	26	0.49973486289531344
745	47	0.44112071183153134
745	318	0.41664660067459236
747	39	0.19710865951269962
747	51	0.15455916263134012
747	1601	0.09798691484102322
749	46	0.2517524483629114
749	1858	0.18773092014763618
752	131	0.49956564845025175
756	46	0.48363726051610195
757	121	0.23657006929822916
757	792	0.1569115105744248
758	121	0.2296226770185017
758	604	0.3152312672384909
758	1367	0.1122814616999979
759	30	0.23729252763176986
759	137	0.14162351189545133
759	761	0.28121303515666624
759	2276	0.19252314669533593
760	30	0.30205833621726424
760	112	0.45891955130845086
760	340	0.297283119103867
760	1014	0.026611664930873184
760	1214	0.16342883539302527
760	1286	0.12364004815502162
760	2278	0.4216116477008215
761	30	0.19472927309817592
761	759	0.15585197922952693
761	1187	0.15979695683078973
762	30	0.21074078490770118
762	91	0.19088559993037185
762	115	0.2597761939419819
762	256	0.2744322633281488
766	346	0.10119077753384431
766	1214	0.3513760736817946
767	2280	0.2835341434732856
768	506	0.34645355701139213
769	39	0.3543546353010691
769	86	0.05750191793254861
769	244	0.1824090234178273
769	247	0.3108024032211804
769	459	0.22601476406231488
770	521	0.043549253587788966
772	95	0.21717265026682914
774	115	0.1277061346246651
777	369	0.4391705817827345
777	1001	0.36812823082386864
777	1860	0.11829570353397206
777	2285	0.3305612658201211
777	2286	0.4978609331359959
778	224	0.41346066533875736
778	250	0.30979997050990954
778	256	0.1555295865715672
778	257	0.14332461422922674
780	311	0.31330887546298425
781	178	0.15184478811770916
781	290	0.17075358098826904
781	585	0.05718370464540206
782	51	0.18299062409178576
782	126	0.3162740902416263
782	783	0.003838633321136737
782	2290	0.3968176428200451
783	47	0.09439332301518281
783	126	0.15792564462257125
783	782	0.2407672049504015
784	470	0.4241550151700002
784	789	0.42002803246647497
785	1078	0.40167390513862283
788	35	0.08539187442607876
788	396	0.4042768667617528
788	525	0.15452763281027246
788	1238	0.12044875781029203
788	1732	0.4469833984849042
789	101	0.2150660015611328
789	784	0.34242124413414676
789	1052	0.08675224442084782
790	791	0.018215098675306053
791	790	0.3705908223858911
791	1791	0.03783283606935779
792	710	0.4741059613891739
792	757	0.2752309205021191
792	1313	0.12568725544224996
792	1315	0.19973096475056765
795	1718	0.18842350924691859
795	2041	0.4715623619246377
796	32	0.2585144185370878
796	47	0.27436461416615393
796	98	0.020111928135513126
796	114	0.03390793364361915
796	137	0.20823430385446437
796	210	0.3068121743318822
796	217	0.11626284322418186
796	365	0.3855106673956643
796	852	0.05627146777859632
796	1533	0.13336360710457076
796	1601	0.29588162958115855
797	32	0.02255428065230077
798	32	0.07811370069863396
798	210	0.06990338064350714
798	217	0.06446667292476882
800	366	0.4221904333587978
801	320	0.0002693373425266106
801	1200	0.22150420992034725
801	1845	0.47580395729656977
802	320	0.08229170760412623
803	208	0.3375820322931896
803	218	0.2800698141005897
803	1529	0.26485866797361973
805	180	0.43227252810298483
806	245	0.060413363667534074
806	247	0.2933359655181427
806	454	0.3033560812378044
806	811	0.3039643072793601
806	2276	0.27659350859436654
808	48	0.3053084581406007
808	54	0.16792510498015925
808	96	0.4696782993493263
808	103	0.014719500439153793
808	104	0.16014463819648003
808	266	0.3166912437270467
808	397	0.4403739568459259
808	610	0.06239363463919283
808	897	0.3648417830083313
810	257	0.2937289978484569
810	258	0.24622796686148635
810	308	0.11593869628600857
811	202	0.18882819641874432
811	308	0.3015729728372166
811	480	0.3285441804311016
811	806	0.37338169569843943
811	1844	0.03767944856978219
812	240	0.14272498247463403
813	40	0.4000408394355803
813	47	0.15639324355651923
813	81	0.26428732805038924
813	126	0.17070529542686394
813	320	0.4762357057820332
816	87	0.2196859157135207
816	392	0.32894725535236047
816	395	0.36859807145769935
816	1741	0.3476917547822284
817	2311	0.30109357612819726
818	574	0.2613888182436494
818	2312	0.11882897392932613
819	34	0.10769684300119423
819	1742	0.20406847359039942
820	35	0.4372054825368009
821	1711	0.3533128997479902
822	1418	0.4337945913888168
823	39	0.264793266390593
824	47	0.05390393662286385
824	987	0.09314477997439899
824	1473	0.17430567956121162
825	572	0.17322822935039334
828	1235	0.18551215406276628
829	87	0.2080138046221901
830	38	0.3398647803519264
833	670	0.328884971768224
833	1197	0.1661299091007835
833	1579	0.3392838962865962
834	525	0.21234837256732833
835	1216	0.4377868166083467
838	114	0.2537904135192302
838	137	0.2705366476440656
838	217	0.06546899310429634
839	454	0.16753387323078936
840	521	0.4644923660863259
841	37	0.28276587532242686
841	500	0.040315230197933975
843	259	0.4454219464173767
843	1386	0.23634309222022487
843	1643	0.47308453774804443
846	125	0.3378737204716519
846	521	0.19966756436770938
846	2327	0.36819507091095793
847	422	0.007989381823358531
847	1011	0.49651310083728734
848	460	0.05900078787863155
849	1930	0.07701399424543649
852	47	0.42400271709255166
852	137	0.3543928553485493
852	320	0.4179013044928946
852	492	0.3106684306065074
852	519	0.48689047315723305
852	796	0.019551221006291024
852	2032	0.37589181177427977
853	214	0.2624078611354818
853	320	0.45149111530453007
853	596	0.3100483825178561
853	1529	0.4322363945403393
857	76	0.3601576417206936
857	407	0.14850560909294822
857	409	0.014452526850899806
857	466	0.32764307732092346
858	499	0.2280484163188514
861	154	0.30099866525840513
861	170	0.29084861826788855
861	175	0.47683724897754043
862	107	0.1440660594902931
862	464	0.1460736085487328
862	912	0.3865045571200711
862	1338	0.3870790032334911
862	1362	0.48352235011329553
862	1968	0.48415057275520706
862	2048	0.3666386393992559
864	2343	0.17238659106610424
864	2344	0.23390149895082185
869	47	0.4831425779909145
870	911	0.21049205033125168
871	47	0.30172947613780493
871	1195	0.3900807976144889
872	2347	0.10571747104832674
873	338	0.11111508226731945
875	930	0.3250021238521746
876	47	0.17534387400230073
876	314	0.4624648467327472
879	321	0.2584943500759462
879	1001	0.04077177238533357
880	2351	0.01618862362200473
882	208	0.019603187939672074
883	47	0.24389456715100122
883	104	0.22308457697488793
883	266	0.14384955131688293
885	104	0.42403886714690536
885	115	0.4794311237817959
885	137	0.4018567613962618
885	224	0.1557246746085128
885	246	0.09094063344736199
885	257	0.4750421378575669
885	319	0.06341643291897621
885	340	0.09096622976602341
885	1181	0.1971131109620511
887	46	0.4176481641207372
887	101	0.41628519552519583
888	47	0.2573323059133214
891	47	0.056551058654118525
893	330	0.2660710868294615
893	2363	0.41026326814321623
897	318	0.05484239925715506
897	808	0.2804197298860858
898	47	0.46610543674861343
901	47	0.3236069110795577
902	48	0.3958866950251609
902	1542	0.24943270316620414
905	153	0.2690633661726265
906	47	0.027068691448890275
907	47	0.11939570601904545
911	365	0.4440324727995153
911	870	0.21558980316206236
912	411	0.11431630213888852
912	862	0.3319854258834265
912	1001	0.29504786056656884
912	1071	0.44429055102190324
912	1390	0.2574342597552042
912	1391	0.3640225196975076
912	1838	0.04112417023793288
917	318	0.1053151745679713
921	114	0.4578592243112066
921	1426	0.26427276784886095
921	2384	0.27579171357517374
921	2385	0.41627725538621047
922	47	0.4813169360497066
924	429	0.3819529709982621
927	47	0.2030154402325646
928	47	0.3619441795997666
929	47	0.4532453357799438
930	875	0.06046664489135513
931	2397	0.02780311217924513
932	304	0.41128861718121246
934	2398	0.03313288408052719
936	137	0.4730137841025307
938	1540	0.27815422564724096
938	2098	0.22562908187029604
941	1478	0.2815884560586981
941	1703	0.28489579365052514
941	1957	0.47318013438668394
941	2401	0.4685895630345098
944	101	0.1740827556104393
947	47	0.024244321868997477
950	2132	0.2838983558935208
951	47	0.004623339640326827
958	209	0.2999106550640611
961	47	0.04843333694489909
961	227	0.411640120021729
961	527	0.21017208889862946
961	1014	0.36871681619090785
963	93	0.0828308865175673
963	103	0.06839191096001251
963	137	0.08018893794197138
963	282	0.3084274674020823
963	397	0.20920547422798616
964	47	0.4528400517101447
964	207	0.12322297211479671
965	44	0.17182408802303084
965	104	0.0141434703107405
965	114	0.48745513274700225
965	219	0.4538434097213104
965	373	0.3078472617476403
965	550	0.4759935094382415
965	1015	0.21747589880570697
965	1332	0.3132851693332195
966	427	0.31204232444565777
969	48	0.1245564413998552
969	470	0.04090678914799544
969	1214	0.1951215481513802
969	1925	0.24823983366180874
973	1219	0.137679894066218
975	2405	0.056896231709979386
977	47	0.33600737875992115
981	47	0.47405303840547075
982	97	0.09690782645203831
982	1426	0.24532161360956245
982	1517	0.4124684868953516
982	1518	0.47110949841438265
983	190	0.18176429322780727
987	47	0.4931329596187289
987	824	0.08629815201623556
988	157	0.3165131573306289
989	320	0.3133253555587768
990	519	0.06968300427616025
992	47	0.31752286983424993
992	137	0.41021578520716
992	282	0.011470537626789576
992	629	0.46317313937803833
996	209	0.29390941369857476
999	227	0.4655857329719138
999	374	0.13490429574568003
999	1342	0.21530970710542266
1001	321	0.03561886108715652
1001	777	0.030878637769536137
1001	879	0.3870129322694824
1001	912	0.04268380086590403
1003	47	0.4913920311218136
1004	1430	0.2940566049079682
1005	112	0.26782857238487323
1011	847	0.08323052880446635
1014	221	0.11748541684484202
1014	227	0.14873508767857282
1014	365	0.22533673824077033
1014	527	0.051437574887251154
1014	760	0.20636141389958645
1014	961	0.15162822885456526
1014	1398	0.11555378438473425
1014	1486	0.37814766190560517
1014	1550	0.10279513805278007
1014	1569	0.3948534411917981
1015	219	0.3939544256722179
1015	965	0.14033973726324256
1017	393	0.07570421472469928
1017	1977	0.22514363718383104
1018	39	0.16444713109089856
1018	96	0.1912201014570992
1019	40	0.27091908319246166
1019	84	0.21594923316250278
1020	40	0.4023640391849622
1021	40	0.040491822159169515
1023	2439	0.3058231604102204
1024	209	0.08427436129066264
1026	214	0.22071477237436501
1027	47	0.24881721178468091
1027	399	0.11508849557611762
1028	559	0.04334370641949181
1030	723	0.13070941597334873
1031	459	0.4353327755380468
1034	261	0.12410647846763895
1034	1742	0.014955104332224913
1035	347	0.4536472179403454
1037	47	0.19107380648178257
1037	1217	0.3445378698089875
1038	43	0.30892784175330246
1039	44	0.36015094982350304
1043	1108	0.10493312247200734
1043	1691	0.3627603163051549
1044	409	0.1844659227831687
1045	2451	0.2672170719213621
1047	509	0.3486533927937158
1051	104	0.20751360538692648
1051	539	0.3916574485444211
1052	789	0.14364419663641442
1054	345	0.3933549050037345
1062	2080	0.13632230161766665
1065	645	0.23377142957954386
1069	387	0.1281065431130021
1069	525	0.4764942750395247
1069	2181	0.47484195544549623
1071	259	0.11074007844710133
1071	912	0.33421353902521184
1077	2473	0.2485857294676988
1078	785	0.18792180491866817
1084	1710	0.15192878873500815
1086	2482	0.11516339846517835
1088	1391	0.13109389833336632
1097	47	0.10978570348946068
1108	1043	0.12131653311151461
1108	1691	0.06008602558440692
1108	1692	0.08671377991705274
1113	2504	0.4862834980791223
1114	2505	0.30163931826068624
1115	216	0.30142636709239007
1115	489	0.1631902422921937
1116	1551	0.23862034004844887
1117	2152	0.47154643629615733
1117	2506	0.2585194345282615
1121	360	0.07738182011177291
1121	2502	0.43484429397046703
1129	2510	0.2153163001816409
1135	474	0.012228109296034583
1147	1642	0.29228828821467323
1149	1268	0.3921077633030449
1152	1712	0.20458982868068734
1152	2497	0.49841966149163563
1153	2322	0.084978691264604
1168	100	0.36770421207988024
1174	315	0.46926898809431217
1177	482	0.10146428655852364
1179	51	0.14412951793964363
1181	47	0.05906135506918588
1181	104	0.4428838563276707
1181	416	0.25397680380888593
1181	885	0.1714674351973991
1182	343	0.4869458712217348
1182	407	0.44168791982677474
1185	146	0.2782475844341524
1187	231	0.0018526899767361234
1187	344	0.33014495674935224
1187	761	0.3882982126628471
1188	47	0.3763341536474851
1188	438	0.2341594283017912
1188	498	0.3552116660282204
1190	47	0.20049535909068988
1190	130	0.11155369518148822
1190	2345	0.477500005965093
1191	47	0.4590720887556948
1191	76	0.4000922461873679
1191	88	0.04932146403197108
1192	47	0.3809165674351422
1193	47	0.2544288181409452
1193	519	0.27029371662050544
1194	47	0.08593192948964884
1195	47	0.15822311526411006
1195	871	0.14127736837810675
1196	47	0.410412485112809
1196	267	0.1177356097727913
1196	1314	0.12292661590730349
1197	47	0.4940084917590829
1197	833	0.13774118459076895
1197	1579	0.17369864156731057
1198	47	0.15169663894392904
1199	47	0.24809678589285253
1199	137	0.10424570887046393
1199	256	0.37464344406905065
1200	47	0.11473445776603541
1200	801	0.20716357124936946
1200	1807	0.25403733342928886
1201	47	0.19893322137216526
1201	2543	0.4772272779186186
1201	2544	0.06901845232483562
1202	47	0.3571593098422603
1202	137	0.47174921885500987
1202	320	0.43012335625699427
1202	678	0.17941092616944887
1203	47	0.03725125072142662
1204	47	0.4360227222733241
1205	47	0.026692467824149833
1206	47	0.37118527122628664
1206	329	0.30779788265680535
1207	47	0.0563686355369698
1207	266	0.4614839631340681
1210	48	0.4113187961102573
1211	48	0.15400372966032325
1211	598	0.05969589473102356
1212	48	0.18050107991161607
1212	435	0.394350579238277
1213	48	0.4720019334683152
1214	48	0.12434340520716766
1214	100	0.4792454692867451
1214	760	0.19469249551055223
1214	766	0.02730259485380732
1214	969	0.08776487854126391
1214	1215	0.2123401859386797
1214	1925	0.17680478791610163
1214	2297	0.2566764536367612
1215	48	0.35406666322316993
1215	1214	0.1554443919232254
1216	48	0.2873073038251587
1216	835	0.40998442225106274
1217	98	0.35350215197625884
1217	104	0.31327016973957583
1217	153	0.036822826154516736
1217	371	0.3660481826333394
1217	1037	0.37507499864226723
1218	1465	0.14282300278064922
1219	973	0.06248876821741401
1221	92	0.13762030879242834
1226	2035	0.40899037975014524
1226	2500	0.4268944769156443
1227	54	0.03305226241644622
1229	145	0.37163702392400527
1234	368	0.0125214973487283
1235	115	0.3550874816183507
1235	828	0.26111606017192046
1237	1718	0.4703035829569258
1238	788	0.18233014623554739
1238	1297	0.07826245793193286
1238	1477	0.1678314734637573
1240	478	0.27851338316752106
1240	2007	0.47297309324531117
1251	217	0.21794032771314356
1251	518	0.26449068697707623
1251	742	0.31453455002885544
1251	1307	0.22652169820678617
1253	59	0.47165465786677774
1253	103	0.35349060478492866
1253	320	0.10830932217394051
1253	552	0.2000060366486824
1261	2573	0.07408418926564513
1261	2574	0.16983835612635634
1266	316	0.31109462197226523
1267	2581	0.13631561915871385
1268	1149	0.4789774326501529
1269	58	0.27607358793352765
1270	58	0.1388335016662949
1270	1273	0.016639512379735613
1271	58	0.11464563573529898
1272	58	0.06775290886514188
1272	1274	0.3152802808950546
1273	58	0.011403893326725255
1273	1270	0.31985730654243705
1273	2582	0.0019891885024669047
1274	58	0.12998623853330038
1274	1272	0.08310721098955508
1274	1345	0.06953927296817243
1279	59	0.030705300641360685
1282	60	0.19358043141590706
1283	1476	0.2157394568102276
1285	315	0.1627651012931218
1286	335	0.050079359075762414
1286	760	0.4678794894051252
1289	213	0.3530968768433026
1289	1388	0.25174623570467175
1290	61	0.33366153139514937
1291	61	0.43743172240103806
1291	2177	0.05708926879773204
1291	2590	0.4551419298224239
1295	75	0.09942514538306815
1295	1426	0.13865658169207948
1295	2592	0.14517317145521857
1297	462	0.2770450922413095
1297	1238	0.1771521727043721
1298	1318	0.49891672607442245
1301	594	0.08301491191611343
1301	1640	0.24776483059467105
1304	65	0.25015084545074495
1305	65	0.41638016825023444
1307	622	0.36957848847440244
1307	1251	0.14070570220163706
1308	1309	0.040265031616428214
1308	2512	0.27037640289296755
1309	1308	0.11858900363308078
1313	792	0.011062411566999854
1314	622	0.060050426932251114
1314	1196	0.1860459801513909
1315	792	0.3252842538098013
1317	525	0.41708890725694886
1317	729	0.06577341551117706
1318	1298	0.05618146204821595
1325	704	0.20977909879684775
1331	629	0.4501937913975519
1332	965	0.16649090906180963
1334	286	0.003517896921109931
1334	1853	0.2776020115916838
1338	862	0.4241997796824572
1342	629	0.046456240935557364
1342	999	0.33348088294984773
1342	1588	0.33303036684631226
1345	505	0.45201468250839016
1345	1274	0.19242425428668528
1347	513	0.18491153982694353
1349	742	0.16987145039227397
1351	600	0.3021338847938292
1351	1352	0.2696724219877006
1352	600	0.2966792212348577
1352	1351	0.16738849867023883
1352	1596	0.39854563845395746
1352	2608	0.4083307341987695
1357	187	0.2852216493638502
1361	736	0.042964063603383854
1362	862	0.4174069616151599
1362	1968	0.2544929059503463
1365	505	0.43568060988511925
1366	2612	0.3133990983063734
1367	758	0.28594233026720717
1368	2613	0.47548839600024206
1372	678	0.4979351405843413
1377	93	0.3212733069971721
1377	2329	0.06662745495787052
1381	276	0.390139012291443
1383	2624	0.36204967219897155
1386	126	0.29968956665512814
1386	843	0.17492470287748874
1388	1289	0.2059647430103464
1389	505	0.08457038198221002
1390	551	0.0739879827119403
1390	912	0.48231176956285643
1390	1391	0.49956039433810734
1390	1662	0.16701924767351828
1390	1931	0.36017597879025925
1390	2163	0.2942676705031303
1391	912	0.3474068709962227
1391	1088	0.4953792553806387
1391	1390	0.032136323661644955
1393	72	0.27411217968637414
1395	132	0.1808498436956877
1395	2427	0.20009706049363038
1398	1014	0.4700613917898038
1398	1486	0.44207631450325313
1398	2628	0.15061820012965782
1401	46	0.48079782262260673
1405	115	0.13663755632995445
1412	210	0.47821814564769044
1412	519	0.4670050176150654
1415	75	0.47047505385523924
1415	742	0.4664402161707826
1416	456	0.34053475671480093
1416	1538	0.18249303730020536
1417	76	0.030782043250581547
1418	76	0.07558558320005732
1418	548	0.18696051158896979
1418	822	0.40171765071509735
1419	76	0.4020077435807479
1420	233	0.48471863646512714
1421	137	0.1330464801594812
1422	77	0.047377043121864214
1422	78	0.37114645737797475
1426	921	0.476835098784743
1426	982	0.16717212087437283
1426	1295	0.48986435468630524
1426	1518	0.041413086835248046
1430	1004	0.43355289854508844
1434	2650	0.3620800362954576
1442	1444	0.004968646231975637
1442	1445	0.0014910761392610133
1444	1442	0.1878241528563634
1444	2659	0.4313563856427584
1445	1442	0.20801820173197982
1452	1454	0.23375828091282194
1452	2389	0.2786211555632254
1453	1454	0.006128362518695473
1453	2662	0.2173840740554946
1454	1452	0.30049780856993863
1454	1453	0.036833521903617245
1465	1218	0.41180051260163614
1470	252	0.1900266582637181
1470	1552	0.3546300902887857
1470	1828	0.3690691811283979
1471	1573	0.38376826044189954
1473	824	0.41646647428182854
1476	1283	0.03158649477834132
1477	105	0.08876327816190009
1477	562	0.28030350155763767
1477	1238	0.32796031913883084
1477	1980	0.000831614813183983
1478	941	0.3010165909586363
1481	85	0.18593361976476583
1483	420	0.4544949757375279
1486	1014	0.47251376812568463
1486	1398	0.3658864141531517
1490	1491	0.32574081765985935
1490	1531	0.26169145604025207
1490	2680	0.17950035769631323
1491	1490	0.025351046786130774
1493	549	0.24980274752375173
1494	87	0.4584517266330065
1496	88	0.24609563425825917
1498	90	0.2645079985102645
1498	112	0.010576467123224912
1501	2673	0.48361623085960187
1504	384	0.3602899219106557
1507	91	0.2920259802499523
1511	250	0.35945105523771326
1516	96	0.30930464751218834
1516	221	0.1397232966938209
1517	97	0.4133761377061968
1517	982	0.08730286956420301
1517	1518	0.33506355124251136
1518	97	0.3607523623566087
1518	110	0.1624452424866709
1518	982	0.4861042314319333
1518	1426	0.4040592052174287
1518	1517	0.3570196772466058
1522	602	0.16121424758730887
1529	311	0.19352508261150772
1529	732	0.4982804426169669
1529	803	0.23746037903924416
1529	853	0.4271130118537504
1530	439	0.35520191005430385
1530	499	0.32774372606146235
1531	1490	0.36765117589928575
1533	114	0.18913451022769476
1533	137	0.40826477511267983
1533	153	0.2725484930374921
1533	796	0.3648996916696952
1533	1601	0.023661612342152222
1535	365	0.24242069645649778
1535	1804	0.43027190619339595
1537	101	0.33991954829383964
1537	387	0.048651075469388134
1538	1416	0.08307612840030092
1539	118	0.11930695807082815
1540	938	0.30196430761450405
1542	902	0.27789364464343547
1546	2705	0.4396431318977545
1549	348	0.25302239773212787
1550	1014	0.1710008297258484
1551	105	0.3947301998641365
1551	1116	0.32154290171632394
1552	105	0.10892011725178556
1552	1470	0.07093743498455157
1560	107	0.2030579063610009
1560	1871	0.18710615432290334
1568	2711	0.3616787803158499
1569	365	0.028696546236658713
1569	527	0.09650135658859493
1569	729	0.0021583979814431644
1569	1014	0.1700275375036557
1573	112	0.21597191714374075
1573	369	0.04000885148594273
1573	1471	0.25134254823533
1574	113	0.37902765470953204
1578	115	0.07833998389410522
1578	360	0.09835041306504506
1579	833	0.4717612103251636
1579	1197	0.2428990406420633
1581	375	0.45454952241532476
1581	2492	0.26544098726969223
1585	132	0.4208071549535704
1587	741	0.30998838260669637
1588	1342	0.08429094977301373
1591	122	0.03971450477022519
1591	2183	0.08905313049288946
1596	1352	0.1543603164174284
1599	2727	0.055829958733078874
1601	747	0.22494252676566573
1601	796	0.01999392318108983
1601	1533	0.2639148528493668
1607	2731	0.4625942386457545
1610	459	0.1109041858057896
1614	2488	0.48017366623613844
1617	633	0.4910254838989118
1620	335	0.12217021872472786
1622	126	0.3029045835443675
1625	496	0.011211924347760005
1625	2307	0.48869073156268816
1625	2308	0.42685106930674804
1625	2740	0.04836013506121211
1629	259	0.2647765459059748
1629	2296	0.031322478848320685
1630	519	0.46447600301923675
1631	210	0.4949902121989044
1631	560	0.056065320221219114
1637	1638	0.47238872659869674
1638	1637	0.16882214134536352
1639	146	0.09868044274113043
1640	290	0.2859105781894255
1640	742	0.33749088285576445
1640	1301	0.4877996776449096
1642	1147	0.11108562078672893
1643	843	0.4990927780740204
1652	710	0.08645998154459833
1654	276	0.3851047348241602
1654	409	0.20783923233409551
1659	413	0.394151071483313
1662	1390	0.2786833579634419
1663	157	0.2540813382851802
1664	159	0.32168871711062963
1665	2610	0.33192156312959176
1672	166	0.3816421057366053
1676	177	0.2929900257751647
1678	178	0.10808854882751746
1679	178	0.06286093295361249
1685	626	0.07422266202351291
1687	626	0.28961163685132846
1687	710	0.0036747769229990563
1691	1043	0.48643035171420007
1691	1108	0.2294657522246222
1692	1108	0.08313350576404036
1695	2762	0.30511466818542643
1695	2763	0.4919411841780572
1696	195	0.06976132587936411
1697	507	0.010861681521403568
1703	204	0.4402327286476397
1703	941	0.2967163487903425
1705	1838	0.4758181840818291
1706	208	0.030408239885525004
1710	213	0.062092883936348126
1710	1084	0.4984037777520294
1711	520	0.013237750367628727
1711	821	0.35272727223662215
1712	1152	0.20897267394822394
1713	610	0.00038667755989387723
1713	733	0.371276476343882
1714	233	0.42104554919089565
1714	472	0.3861107862275218
1715	220	0.034430640366502153
1718	795	0.34995024843059686
1718	1237	0.2979206356714527
1721	447	0.05105125735526441
1723	223	0.33734471436640817
1728	2295	0.45245186016274946
1732	439	0.4192923715264395
1732	788	0.19254780948211714
1738	225	0.11971211350889042
1739	265	0.3008845586192528
1739	670	0.35873678700111855
1741	320	0.30531570245654627
1741	816	0.27054755789206636
1742	819	0.3241675517274936
1742	1034	0.21835775630852539
1744	1747	0.19754791714500136
1745	279	0.052206894469813234
1745	1794	0.128983228607483
1745	2068	0.3760756314736931
1747	227	0.032666713093171214
1747	1744	0.026224503211515933
1747	2780	0.4608186710251245
1749	459	0.4585512757922296
1755	714	0.43019709795566585
1755	2069	0.26327123499058624
1758	519	0.15965869939799066
1763	234	0.1729721093839708
1763	1764	0.22199977181874234
1763	1765	0.24395041923773397
1764	234	0.05773303117315313
1764	1763	0.20322177828972196
1765	234	0.39830585380505257
1765	1763	0.09934199392149787
1767	2101	0.4395625049844358
1771	1845	0.10684057436435637
1772	2589	0.269832210231514
1775	2796	0.4038171177016197
1780	2078	0.4914943288651662
1785	303	0.10282804482330092
1791	791	0.4557550669184213
1794	1745	0.15916541981230276
1797	246	0.17638092184864446
1799	1834	0.2805352409463272
1800	2101	0.23217690638702254
1804	1535	0.10187371099639493
1805	254	0.4572639128588693
1805	2254	0.37304704591832083
1807	310	0.4000841394587586
1807	338	0.18185553420403916
1807	1200	0.09870543683691081
1808	559	0.3100078426576384
1810	2805	0.3823327790160901
1820	565	0.43110838025059434
1826	1996	0.173558337509832
1828	1470	0.18440429337032538
1828	2441	0.18066653180145928
1829	270	0.04739461408157217
1829	2810	0.043251824889049155
1833	2022	0.48787976970433616
1833	2338	0.4689823773592614
1834	1799	0.284471003925856
1838	667	0.19835854209053835
1838	912	0.2228357010200221
1838	1705	0.1467320129909362
1840	394	0.4099164755282755
1844	283	0.23590512882762102
1844	288	0.4256568851678914
1844	610	0.3377164399689559
1844	811	0.18377928528078336
1845	621	0.14622613131211573
1845	801	0.26087322210225267
1845	1771	0.32606409821160326
1847	2399	0.16854473556170188
1851	505	0.09393500101085378
1851	2349	0.10361261768880395
1851	2350	0.3307461415742527
1853	286	0.24964039336034652
1853	1334	0.10415216069705537
1857	462	0.03504774317370414
1858	749	0.158790709052663
1860	777	0.18313666758843897
1865	295	0.29868787627886817
1866	1964	0.1639288953996642
1871	1560	0.33687562362744006
1875	2423	0.13279666685794547
1876	613	0.1825926815476531
1878	313	0.26550353227188156
1880	450	0.03916382770929166
1881	317	0.17265816662050176
1886	322	0.08436853127869502
1886	2313	0.20673363702784614
1888	2272	0.0033196526983506496
1889	375	0.4343123616040001
1891	331	0.3619387926342579
1893	338	0.4540314556839123
1897	352	0.1628739072572629
1903	358	0.06358514309784942
1906	360	0.10651643144762851
1925	969	0.281732872554063
1925	1214	0.14121534370277916
1930	389	0.007958125158384536
1930	849	0.07900702266012627
1931	392	0.20621875684809282
1931	1390	0.399194007235626
1932	394	0.027875893621301193
1932	2718	0.022079775865059537
1933	394	0.10463390752281036
1934	394	0.2981829719288177
1938	484	0.143136911404243
1941	2332	0.10865920784156533
1957	941	0.12587428962004793
1964	1866	0.38528906513476496
1968	862	0.30131953538275236
1968	1362	0.09222124930611339
1969	433	0.3769621224930052
1977	1017	0.334212368841447
1980	437	0.46333547088561683
1980	1477	0.04757191970441223
1982	440	0.48562451307685744
1983	441	0.34994863073197485
1996	1826	0.23759474662131533
1997	462	0.3246497462577782
1998	468	0.09611594158573772
2007	478	0.3017921328209286
2007	1240	0.09224827568485358
2008	478	0.007526121097337199
2009	689	0.08913142203930735
2012	2201	0.26799532112210817
2012	2856	0.1649198636092789
2013	483	0.05861337473520989
2014	486	0.22333933856902766
2018	493	0.1892367082878511
2022	1833	0.2058650914991596
2032	852	0.354922493834006
2035	1226	0.3564515129585168
2036	535	0.09629994244187202
2038	540	0.014114894954461459
2040	657	0.15090190324447328
2041	795	0.36665601678584875
2043	644	0.37175090280221534
2048	551	0.2589376600035597
2048	656	0.20040636589160368
2048	862	0.4394195213775532
2059	670	0.1838890006972927
2068	1745	0.4969426977805275
2069	1755	0.44952826664654627
2074	602	0.32588332140399295
2075	2349	0.157455173934016
2078	1780	0.30224825429766994
2080	1062	0.32798524409374147
2084	2085	0.3771887635479321
2084	2356	0.17262520379789484
2084	2380	0.1368931855232621
2084	2870	0.3944298502491869
2085	2084	0.41621414201183127
2090	2333	0.2716030517451547
2098	938	0.24462071376123296
2101	1767	0.031438841328063245
2101	1800	0.37125297120816747
2101	2426	0.1915383850035559
2107	627	0.06228382247052417
2116	644	0.15657668022111937
2117	2878	0.08004931552989246
2120	2205	0.2841399280660056
2127	659	0.374185926000049
2132	950	0.1299291430557022
2136	670	0.2659932050261959
2136	2882	0.10944457962627406
2151	679	0.3981113385163815
2152	1117	0.36334309021667327
2163	1390	0.3555833253582159
2167	688	0.39213689365711607
2177	1291	0.47643508003101104
2181	1069	0.2816255584360314
2182	2891	0.32448654835977375
2182	2892	0.03820956830980307
2183	1591	0.3099875395615093
2195	710	0.3563691124207097
2199	2856	0.007361077950794142
2201	2012	0.054460292683521476
2201	2856	0.09835652530722265
2205	2120	0.40625208882358343
2212	2895	0.4666179366015753
2219	2220	0.34418631181468096
2220	2219	0.21951071702056882
2229	2899	0.333746768105909
2230	2284	0.32628462668660624
2250	2471	0.07681444579680063
2254	1805	0.2779564122585939
2262	741	0.34444091389771503
2272	1888	0.28373766187689836
2272	2273	0.0051801715071104456
2273	2272	0.15402461212535157
2276	759	0.29415909584363753
2276	806	0.3477029508415473
2278	760	0.31685771456621364
2280	767	0.4353293028785963
2284	2230	0.3510124983606493
2285	777	0.3053994183768666
2286	777	0.34500649074065387
2287	2885	0.1656114386729576
2290	782	0.10717172937457879
2295	1728	0.15194423838263776
2296	1629	0.26223030450321694
2297	1214	0.21385048768108117
2307	1625	0.28558433816708295
2308	1625	0.4483286048833506
2308	2908	0.3627239673630979
2311	817	0.1610991798040963
2312	818	0.19635967557770642
2312	2909	0.4475094077451986
2313	1886	0.2688224712510631
2322	1153	0.22263623984679604
2327	846	0.13850863679518183
2329	1377	0.2963560275277948
2329	2913	0.19783295233161172
2332	1941	0.48630962288845553
2333	2090	0.3212747584130668
2338	1833	0.27770681105425143
2343	864	0.1098115258275344
2344	864	0.43456552034166673
2345	1190	0.4789884057357768
2347	872	0.3207268366727444
2349	1851	0.31842970740585247
2349	2075	0.42027938817833543
2349	2350	0.3438632443513849
2349	2840	0.1048587227809165
2350	1851	0.4638692892817752
2350	2349	0.3861734623276076
2351	880	0.4136185541976626
2356	2084	0.20187399849011053
2363	893	0.2859001255169247
2380	2084	0.08736483503410926
2384	921	0.20867428775027969
2385	921	0.20351986270181352
2389	1452	0.24072563860851243
2397	931	0.4149971225955578
2398	934	0.24450280499957797
2399	1847	0.4965082659851414
2401	941	0.34016899707979736
2405	975	0.32535327307530243
2411	2602	0.2492081938445304
2423	1875	0.08764457992634819
2426	2101	0.27942541066313115
2427	1395	0.4189903746484568
2439	1023	0.15563577221251834
2441	1828	0.2791267188470292
2451	1045	0.08268603050308952
2471	2250	0.18237296985637547
2473	1077	0.2930313817603498
2477	2928	0.056588064072801016
2482	1086	0.045708579266897094
2488	1614	0.22501179724009363
2492	1581	0.08669345057277114
2497	1152	0.19933571311358253
2500	1226	0.4177785346955482
2502	1121	0.15744103130715234
2504	1113	0.025889791503767936
2505	1114	0.09775776010808485
2506	1117	0.14278853993312213
2510	1129	0.1661931426872984
2512	1308	0.33299643121083555
2543	1201	0.22369605288656796
2543	2544	0.4538791774002773
2544	1201	0.4562597229670566
2544	2543	0.20906288991473942
2564	2933	0.35219413123302346
2573	1261	0.4996388177320312
2573	2574	0.03451164525866091
2574	1261	0.02645520640064705
2574	2573	0.19578645727730462
2575	2935	0.0269046789883085
2581	1267	0.37886234927024176
2582	1273	0.1347725682874394
2586	2587	0.1950557439571238
2586	2588	0.2626371886574594
2587	2586	0.37272154161954246
2587	2588	0.17127685857049008
2588	2586	0.4752175427648806
2588	2587	0.39032743183131485
2589	1772	0.3218688681618168
2590	1291	0.48060936161465023
2592	1295	0.4785713042069843
2602	2411	0.051663914585274404
2604	2943	0.06728088610079072
2608	1352	0.41624383343713955
2610	1665	0.3181591258559384
2612	1366	0.30465686154793475
2613	1368	0.46978710397994083
2624	1383	0.24884907308770915
2628	1398	0.17539091538553334
2650	1434	0.3516020843542968
2659	1444	0.37565378867836635
2662	1453	0.039886607369526886
2673	1501	0.1742957633589942
2680	1490	0.36633984795185964
2705	1546	0.15917836517476777
2711	1568	0.47342594742157257
2718	1932	0.28198874638646343
2718	2719	0.23177949889395175
2719	2718	0.16978439768697598
2725	2831	0.20796368825248496
2725	2957	0.2032253266497856
2727	1599	0.19921554521055204
2731	1607	0.013844254955287544
2740	1625	0.42625735720361907
2762	1695	0.410656918911918
2763	1695	0.08844465372186769
2780	1747	0.34931149226507147
2796	1775	0.2990498556525606
2805	1810	0.10076788349983298
2808	2969	0.24543767719465884
2810	1829	0.13868777841824112
2825	2972	0.36311234400179626
2826	2973	0.1933210784281626
2827	2828	0.2392631094632645
2828	2827	0.21408410695814165
2831	2725	0.46360830007269094
2840	2349	0.034171367330508386
2856	2012	0.0800896967716036
2856	2199	0.42599542270376833
2856	2201	0.09216592298346032
2870	2084	0.24685757552101792
2878	2117	0.1881609909588033
2882	2136	0.027028895145251603
2885	2287	0.004255257622668469
2891	2182	0.17330819202275813
2892	2182	0.06130549638413623
2895	2212	0.17890590913862595
2899	2229	0.19095039787290718
2908	2308	0.06181370658782472
2909	2312	0.20974796686486477
2910	2989	0.4297187340090498
2912	2990	0.12165771968685545
2913	2329	0.17655697984632376
2928	2477	0.4085481652841659
2933	2564	0.41712016466569785
2935	2575	0.15344604077347343
2943	2604	0.4962232955543687
2957	2725	0.29730687894756935
2969	2808	0.14472294654415532
2972	2825	0.21101491147953735
2973	2826	0.35388254425375276
2989	2910	0.08677493936151176
2990	2912	0.3944677475087697
